40	4	48	
20	20
27832	5404	525	
22067	2269	974	
22408	2226	697	
9131	4506	514	
12764	4218	564	
18300	3998	897	
30083	3961	691	
11299	3444	591	
34528	2751	933	
37553	1072	766	
15234	1016	558	
12380	2711	594	
17491	2589	872	
28223	1782	833	
23005	5748	968	
9969	3309	811	
24813	1548	838	
7917	2591	513	
11181	5432	791	
18039	1499	662	
18789	4335	718	
25684	4864	690	
17068	1405	500	
17001	4966	894	
17683	2094	664	
34881	1301	952	
30010	2550	944	
32000	1506	928	
13775	1906	883	
17431	1300	745	
32500	5355	997	
28501	2130	599	
19480	4952	666	
36800	5282	988	
39692	4235	913	
32609	4563	687	
9443	4145	797	
18474	5261	584	
29259	3093	597	
25283	1401	994	
3	1	4	3	
2	1	3	2	
3	1	4	3	
2	1	3	2	
2	1	3	2	
3	1	4	3	
3	1	3	3	
2	1	3	2	
2	1	2	2	
3	1	4	3	
2	1	3	2	
3	1	3	3	
2	1	3	2	
2	1	3	2	
3	1	3	3	
3	1	4	3	
3	1	4	3	
2	1	3	2	
3	1	3	2	
2	1	3	2	
2	1	3	2	
2	1	3	2	
2	1	3	2	
4	2	5	4	
3	1	3	3	
2	1	3	2	
4	1	4	3	
2	1	3	2	
3	1	3	2	
4	1	5	3	
3	1	4	3	
3	1	4	3	
4	1	5	3	
3	1	3	3	
2	1	3	2	
2	1	3	2	
2	1	3	2	
4	1	5	4	
2	1	3	2	
2	1	3	2	
1060	1066	1072	1079	1084	1090	1095	1099	1103	1106	1108	1109	1109	1109	1108	1106	1103	1099	1095	1090	1085	1079	1073	1066	1060	1054	1048	1041	1036	1030	1025	1021	1017	1014	1012	1011	1011	1011	1012	1014	1017	1021	1025	1030	1035	1041	1047	1054	
1025	1031	1037	1044	1049	1055	1060	1064	1068	1071	1073	1074	1074	1074	1073	1071	1068	1064	1060	1055	1050	1044	1038	1031	1025	1019	1013	1006	1001	995	990	986	982	979	977	976	976	976	977	979	982	986	990	995	1000	1006	1012	1019	
1026	1032	1038	1045	1050	1056	1061	1065	1069	1072	1074	1075	1075	1075	1074	1072	1069	1065	1061	1056	1051	1045	1039	1032	1026	1020	1014	1007	1002	996	991	987	983	980	978	977	977	977	978	980	983	987	991	996	1001	1007	1013	1020	
742	748	754	761	766	772	777	781	785	788	790	791	791	791	790	788	785	781	777	772	767	761	755	748	742	736	730	723	718	712	707	703	699	696	694	693	693	693	694	696	699	703	707	712	717	723	729	736	
188060	
143660	
55286	
10076	
7	40
7	47
14	48
10	14
6	36
5	35
7	40
14	48
6	40
9	40
14	40
4	23
14	17
4	40
5	18
4	48
6	39
20	48
7	10
6	30
10	47
7	21
11	33
3	18
10	35
7	40
14	40
2	40
3	9
3	48
9	40
1	40
1	32
8	40
16	40
18	40
17	48
14	36
19	40
12	15
0	48
0	48
0	48
0	48
