30	4	48	
15	15
25191	1900	835	
32077	2133	619	
24531	1280	559	
36997	1382	671	
24908	2145	760	
8300	5677	536	
39025	4570	862	
12976	5601	748	
13489	1526	621	
16848	3795	805	
28104	2545	610	
22753	2033	721	
25352	5208	769	
15763	1297	996	
11138	2118	717	
39060	1765	906	
19160	4509	639	
21736	5880	787	
10431	4730	987	
8330	2474	864	
23775	3523	569	
35126	3114	998	
35966	1705	881	
20734	4151	595	
32330	1391	803	
27860	2269	795	
34178	5223	951	
20002	5495	967	
23299	4637	872	
19076	5235	992	
1	2	3	2	
1	3	4	3	
1	2	4	2	
1	2	3	2	
1	3	4	2	
1	3	4	3	
1	2	3	2	
1	3	5	3	
1	3	4	3	
1	3	5	3	
1	2	3	2	
1	3	5	3	
1	2	3	2	
1	2	3	2	
1	3	5	3	
1	2	4	2	
1	2	3	2	
1	2	3	2	
1	3	5	3	
1	2	2	2	
1	2	4	2	
1	2	3	2	
1	3	5	3	
1	2	4	2	
1	3	5	3	
1	1	2	1	
1	2	4	2	
1	2	3	2	
1	2	2	2	
1	3	5	3	
1132	1138	1144	1151	1156	1162	1167	1171	1175	1178	1180	1181	1181	1181	1180	1178	1175	1171	1167	1162	1157	1151	1145	1138	1132	1126	1120	1113	1108	1102	1097	1093	1089	1086	1084	1083	1083	1083	1084	1086	1089	1093	1097	1102	1107	1113	1119	1126	
1004	1010	1016	1023	1028	1034	1039	1043	1047	1050	1052	1053	1053	1053	1052	1050	1047	1043	1039	1034	1029	1023	1017	1010	1004	998	992	985	980	974	969	965	961	958	956	955	955	955	956	958	961	965	969	974	979	985	991	998	
848	854	860	867	872	878	883	887	891	894	896	897	897	897	896	894	891	887	883	878	873	867	861	854	848	842	836	829	824	818	813	809	805	802	800	799	799	799	800	802	805	809	813	818	823	829	835	842	
1035	1041	1047	1054	1059	1065	1070	1074	1078	1081	1083	1084	1084	1084	1083	1081	1078	1074	1070	1065	1060	1054	1048	1041	1035	1029	1023	1016	1011	1005	1000	996	992	989	987	986	986	986	987	989	992	996	1000	1005	1010	1016	1022	1029	
239067	
25375	
158442	
34531	
16	32
9	40
11	48
11	40
18	48
1	36
10	40
16	46
14	42
11	12
16	40
15	21
16	37
3	33
14	48
10	40
10	45
5	19
17	48
3	6
9	31
2	40
12	40
20	31
20	40
18	40
16	40
15	40
12	17
14	39
0	48
0	48
0	48
0	48
