40	2	48	
20	20
33669	1134	562	
23554	2561	650	
22698	4586	890	
7899	4337	949	
20819	5035	891	
35365	3565	644	
24164	1197	950	
36341	4337	748	
37630	4161	501	
36449	2877	506	
19289	5013	906	
17669	2045	977	
30582	1544	637	
22129	1775	977	
27297	5238	630	
17556	4857	563	
28676	4178	649	
33209	2475	577	
17411	1704	824	
38699	5645	524	
7629	2553	574	
14535	5030	585	
37476	1566	540	
32232	4287	626	
36064	2103	687	
39398	1675	758	
35500	3006	943	
28484	2289	893	
18833	4358	629	
32010	3596	932	
30978	3952	972	
29809	4345	879	
30090	3254	568	
26550	5695	692	
34083	4268	600	
8639	3498	929	
28842	1595	539	
38311	2289	900	
17188	3097	911	
35517	2788	617	
1	2	
1	2	
1	1	
1	1	
1	2	
1	1	
2	3	
1	1	
1	2	
1	2	
2	3	
1	1	
2	2	
1	1	
2	3	
1	1	
2	3	
1	2	
1	1	
1	2	
2	3	
1	1	
1	2	
1	2	
1	2	
1	2	
1	1	
2	3	
2	2	
2	3	
1	2	
2	2	
1	1	
1	2	
1	1	
1	2	
1	2	
1	2	
1	1	
2	3	
862	868	874	881	886	892	897	901	905	908	910	911	911	911	910	908	905	901	897	892	887	881	875	868	862	856	850	843	838	832	827	823	819	816	814	813	813	813	814	816	819	823	827	832	837	843	849	856	
1067	1073	1079	1086	1091	1097	1102	1106	1110	1113	1115	1116	1116	1116	1115	1113	1110	1106	1102	1097	1092	1086	1080	1073	1067	1061	1055	1048	1043	1037	1032	1028	1024	1021	1019	1018	1018	1018	1019	1021	1024	1028	1032	1037	1042	1048	1054	1061	
225227	
11102	
11	40
17	35
13	37
11	31
19	48
1	40
20	48
17	40
5	40
5	40
16	48
16	40
16	40
9	37
9	42
10	37
13	40
6	40
16	48
16	40
2	12
15	32
3	40
15	40
7	40
1	40
19	40
1	40
3	38
7	40
5	40
15	40
5	40
16	26
15	40
13	48
11	40
9	40
3	27
3	40
0	48
0	48
