60	2	48	
30	30
8329	2791	715	
23095	4920	630	
14419	4087	692	
23769	5665	531	
36754	3621	922	
15962	4709	881	
24050	2578	813	
8339	2017	587	
8847	5371	639	
13711	3358	617	
35862	5712	899	
21837	1686	808	
11629	1426	840	
35564	5071	785	
17990	3350	524	
39420	5066	772	
18139	1372	938	
8992	2359	651	
27810	4130	529	
27407	4602	983	
37012	5356	585	
32577	1226	503	
29317	5040	608	
22980	2132	641	
9180	4154	970	
13637	5413	588	
7638	4481	593	
12898	1661	920	
11445	1192	535	
37247	5357	635	
19082	1297	500	
22983	2360	831	
16132	2669	537	
10037	5336	824	
28948	2329	779	
17610	5314	937	
39436	5891	607	
12315	5267	511	
37759	3045	560	
11359	2377	507	
27494	3496	664	
17492	4111	891	
27537	3918	636	
21136	3162	719	
11546	5669	800	
12887	5147	550	
28333	2008	867	
35514	4152	719	
25831	4753	545	
25314	2869	612	
16861	3580	746	
29196	5184	696	
30554	5202	836	
14241	2285	752	
19781	3352	912	
18746	2973	667	
11571	5794	799	
25135	4218	990	
32781	5312	502	
12959	5291	857	
3	1	
2	1	
3	2	
4	2	
3	2	
2	1	
2	1	
3	2	
2	1	
2	1	
3	1	
2	1	
2	1	
3	2	
3	2	
3	2	
3	2	
2	1	
2	1	
2	1	
3	2	
2	1	
4	2	
4	2	
2	1	
2	1	
4	2	
3	2	
4	2	
3	2	
3	1	
2	1	
2	1	
2	1	
3	2	
3	2	
2	1	
2	1	
2	1	
2	1	
2	1	
3	2	
2	1	
2	1	
2	1	
2	1	
2	1	
2	1	
2	1	
2	1	
3	2	
3	1	
2	1	
3	2	
2	1	
3	1	
3	1	
2	1	
3	2	
3	2	
774	780	786	793	798	804	809	813	817	820	822	823	823	823	822	820	817	813	809	804	799	793	787	780	774	768	762	755	750	744	739	735	731	728	726	725	725	725	726	728	731	735	739	744	749	755	761	768	
1137	1143	1149	1156	1161	1167	1172	1176	1180	1183	1185	1186	1186	1186	1185	1183	1180	1176	1172	1167	1162	1156	1150	1143	1137	1131	1125	1118	1113	1107	1102	1098	1094	1091	1089	1088	1088	1088	1089	1091	1094	1098	1102	1107	1112	1118	1124	1131	
141633	
219828	
6	47
16	48
4	11
15	48
9	40
12	20
7	48
17	41
9	32
11	48
18	40
12	48
13	21
9	40
5	17
3	40
9	22
3	25
13	40
15	30
18	40
2	40
12	40
12	20
8	36
17	32
18	48
2	32
19	48
15	40
4	14
20	48
15	48
13	46
6	40
17	48
8	40
19	25
4	40
4	19
16	40
19	48
5	40
4	42
2	5
9	26
13	40
18	40
14	44
9	19
2	33
5	40
8	40
5	29
1	41
12	48
8	43
9	48
13	40
4	23
0	48
0	48
