30	2	48	
15	15
20967	1695	549	
25615	2173	786	
36755	4233	638	
11317	2133	855	
19489	4128	823	
39270	2244	739	
20678	1816	582	
24395	1120	595	
23774	3780	783	
22328	4720	573	
8661	1673	590	
35752	2116	795	
22009	4497	912	
36035	5444	573	
9058	3211	891	
24541	5441	594	
33178	3150	604	
36237	5146	937	
24345	1592	523	
39734	3211	877	
23056	1329	622	
14396	3985	663	
23112	3079	634	
13930	4962	929	
19246	4062	683	
30699	5335	731	
8114	2074	630	
34491	3528	878	
29196	2579	566	
10742	5404	730	
2	4	
2	4	
3	5	
3	5	
3	5	
2	4	
1	2	
3	5	
2	4	
3	5	
2	3	
2	3	
2	3	
2	3	
2	3	
2	4	
2	4	
3	5	
2	3	
2	3	
1	3	
1	3	
2	3	
2	4	
2	3	
3	5	
2	4	
2	4	
3	5	
2	4	
983	989	995	1002	1007	1013	1018	1022	1026	1029	1031	1032	1032	1032	1031	1029	1026	1022	1018	1013	1008	1002	996	989	983	977	971	964	959	953	948	944	940	937	935	934	934	934	935	937	940	944	948	953	958	964	970	977	
1091	1097	1103	1110	1115	1121	1126	1130	1134	1137	1139	1140	1140	1140	1139	1137	1134	1130	1126	1121	1116	1110	1104	1097	1091	1085	1079	1072	1067	1061	1056	1052	1048	1045	1043	1042	1042	1042	1043	1045	1048	1052	1056	1061	1066	1072	1078	1085	
173507	
121153	
11	42
18	23
7	40
15	48
4	19
20	40
11	35
19	35
12	25
6	48
20	48
8	40
16	23
16	40
19	48
18	37
10	40
19	40
17	31
15	40
7	36
9	30
17	35
2	23
16	38
11	40
19	48
15	40
14	40
12	48
0	48
0	48
