30	2	48	
15	15
13265	2802	664	
21575	4330	982	
31507	2104	997	
10914	1182	681	
14005	5557	783	
22166	5607	915	
29863	4457	785	
7658	1137	727	
36300	3470	633	
33780	5799	627	
16527	2353	875	
8013	3213	796	
37614	1697	575	
29450	4561	999	
29455	3627	886	
7872	5545	793	
19319	5098	809	
32891	4916	757	
19599	1857	985	
36979	1224	769	
21091	5490	714	
25046	3933	538	
12685	2707	776	
9624	4598	791	
29202	5730	711	
21607	5810	920	
12027	5864	509	
35111	2973	900	
13735	4404	841	
19425	2251	694	
2	1	
1	1	
1	1	
1	1	
2	2	
1	1	
2	1	
1	1	
1	1	
1	1	
2	1	
1	1	
1	1	
1	1	
2	1	
1	1	
2	2	
1	1	
2	2	
2	2	
1	1	
2	1	
1	1	
1	1	
2	1	
1	1	
2	2	
2	2	
2	2	
1	1	
975	981	987	994	999	1005	1010	1014	1018	1021	1023	1024	1024	1024	1023	1021	1018	1014	1010	1005	1000	994	988	981	975	969	963	956	951	945	940	936	932	929	927	926	926	926	927	929	932	936	940	945	950	956	962	969	
1075	1081	1087	1094	1099	1105	1110	1114	1118	1121	1123	1124	1124	1124	1123	1121	1118	1114	1110	1105	1100	1094	1088	1081	1075	1069	1063	1056	1051	1045	1040	1036	1032	1029	1027	1026	1026	1026	1027	1029	1032	1036	1040	1045	1050	1056	1062	1069	
148782	
17627	
4	16
16	45
3	40
13	48
1	27
12	18
15	40
14	48
16	40
14	40
8	30
15	16
15	40
16	40
4	40
6	42
10	39
10	40
6	20
5	40
7	36
6	9
5	43
6	48
1	40
12	22
3	23
2	40
19	24
2	48
0	48
0	48
