60	4	48	
30	30
28153	2938	865	
35451	2198	507	
15883	3090	893	
11536	2222	990	
35097	3534	502	
39381	4337	940	
38896	1723	564	
28408	4796	651	
32932	1891	775	
8663	3363	835	
21933	4698	876	
23539	4561	562	
38844	2255	665	
11481	5435	559	
28506	1657	661	
34415	2276	842	
19742	4036	888	
18999	2391	654	
23890	4284	777	
18501	2212	818	
24585	4293	877	
24438	1839	980	
10245	4842	612	
22094	1699	595	
39142	1441	941	
36462	4130	679	
16756	1306	860	
35449	5219	526	
33853	4411	780	
37849	4033	720	
38970	2098	558	
12987	5067	612	
27077	4269	810	
11368	4194	739	
9840	5097	891	
32778	4921	781	
32864	3508	972	
34817	5731	507	
31067	4375	918	
35371	5764	905	
15864	2429	560	
8220	3409	625	
29147	1411	983	
37964	3921	718	
12712	3244	948	
13277	1836	512	
25719	5810	825	
19239	2840	993	
8142	2983	979	
15625	4695	870	
29905	5797	584	
34492	4848	540	
27545	3086	807	
8287	2279	602	
21609	3321	765	
12458	4808	604	
33299	1860	913	
30166	2391	654	
29084	1416	987	
23069	2527	771	
1	1	1	2	
1	1	1	3	
1	1	1	2	
1	1	1	2	
1	1	1	3	
1	2	1	3	
1	1	1	2	
1	1	1	2	
1	1	1	2	
1	1	1	2	
1	1	1	2	
2	2	1	4	
1	2	1	3	
1	1	1	2	
1	1	1	3	
1	1	1	2	
2	2	1	4	
1	2	1	3	
1	1	1	2	
1	1	1	2	
1	1	1	2	
1	1	1	2	
1	1	1	2	
2	2	1	4	
2	2	1	4	
2	2	1	4	
1	1	1	2	
2	2	1	4	
1	1	1	2	
2	2	2	4	
1	1	1	3	
1	1	1	2	
1	1	1	3	
1	2	1	4	
1	1	1	2	
1	1	1	3	
1	1	1	2	
1	1	1	3	
2	2	1	4	
1	2	1	3	
1	1	1	2	
2	2	1	4	
2	2	1	4	
1	1	1	3	
1	2	1	3	
1	1	1	2	
1	1	1	3	
2	2	1	4	
1	2	1	4	
1	1	1	2	
1	2	1	4	
1	1	1	2	
1	2	1	3	
1	1	1	3	
2	2	1	4	
1	2	1	3	
2	2	1	4	
1	1	1	2	
1	1	1	2	
1	1	1	3	
1037	1043	1049	1056	1061	1067	1072	1076	1080	1083	1085	1086	1086	1086	1085	1083	1080	1076	1072	1067	1062	1056	1050	1043	1037	1031	1025	1018	1013	1007	1002	998	994	991	989	988	988	988	989	991	994	998	1002	1007	1012	1018	1024	1031	
912	918	924	931	936	942	947	951	955	958	960	961	961	961	960	958	955	951	947	942	937	931	925	918	912	906	900	893	888	882	877	873	869	866	864	863	863	863	864	866	869	873	877	882	887	893	899	906	
724	730	736	743	748	754	759	763	767	770	772	773	773	773	772	770	767	763	759	754	749	743	737	730	724	718	712	705	700	694	689	685	681	678	676	675	675	675	676	678	681	685	689	694	699	705	711	718	
693	699	705	712	717	723	728	732	736	739	741	742	742	742	741	739	736	732	728	723	718	712	706	699	693	687	681	674	669	663	658	654	650	647	645	644	644	644	645	647	650	654	658	663	668	674	680	687	
204255	
169900	
41342	
98813	
1	40
6	40
19	48
2	18
19	40
7	40
11	40
4	40
9	40
13	25
6	40
5	41
7	40
7	16
8	40
12	40
12	35
14	43
12	48
10	25
19	45
4	11
9	48
7	42
5	40
12	40
9	36
16	40
8	40
6	40
18	40
10	39
2	7
18	48
4	28
9	40
11	40
10	40
6	40
8	40
20	47
5	17
1	40
2	40
12	48
12	19
2	18
20	48
1	29
1	32
3	40
12	40
3	40
20	38
6	48
1	13
14	40
16	40
19	40
3	15
0	48
0	48
0	48
0	48
