40	4	48	
20	20
15720	2659	717	
13407	3956	699	
22206	2896	570	
11679	2519	565	
33793	5663	892	
27767	5894	878	
36531	3847	634	
10081	1012	876	
20489	5783	553	
10615	2270	572	
26185	2809	738	
22491	2677	971	
31201	4101	797	
22466	4840	876	
12314	4870	896	
7469	1484	632	
26782	1107	588	
8329	5364	737	
34998	1819	920	
39554	5787	535	
35983	1525	529	
26612	1993	679	
11404	5470	989	
16069	5645	665	
17429	2224	546	
12754	2158	981	
15225	3427	720	
10080	1666	639	
32986	3215	579	
37139	1076	912	
7760	2353	565	
9227	3140	879	
24608	3303	611	
16896	3603	996	
30912	5470	661	
12246	4516	875	
28470	2483	861	
13734	3174	586	
19756	5750	648	
25607	2010	719	
3	3	1	2	
3	2	1	2	
2	2	1	2	
3	2	1	2	
5	4	2	4	
4	3	2	3	
3	3	2	3	
3	3	1	2	
3	3	1	3	
5	4	2	4	
3	2	1	2	
4	3	2	3	
4	3	2	3	
3	2	1	2	
3	2	1	2	
3	2	1	2	
3	2	1	2	
3	2	1	2	
4	3	2	3	
3	2	1	2	
4	3	2	3	
5	4	2	4	
3	2	1	2	
5	4	2	4	
4	3	2	3	
4	3	2	3	
3	2	1	2	
3	2	1	2	
4	4	2	3	
3	3	2	3	
5	4	2	4	
4	4	2	3	
3	2	1	2	
4	3	2	3	
4	4	2	3	
2	2	1	2	
3	3	1	2	
3	3	2	3	
3	2	1	2	
4	4	2	3	
870	876	882	889	894	900	905	909	913	916	918	919	919	919	918	916	913	909	905	900	895	889	883	876	870	864	858	851	846	840	835	831	827	824	822	821	821	821	822	824	827	831	835	840	845	851	857	864	
996	1002	1008	1015	1020	1026	1031	1035	1039	1042	1044	1045	1045	1045	1044	1042	1039	1035	1031	1026	1021	1015	1009	1002	996	990	984	977	972	966	961	957	953	950	948	947	947	947	948	950	953	957	961	966	971	977	983	990	
1001	1007	1013	1020	1025	1031	1036	1040	1044	1047	1049	1050	1050	1050	1049	1047	1044	1040	1036	1031	1026	1020	1014	1007	1001	995	989	982	977	971	966	962	958	955	953	952	952	952	953	955	958	962	966	971	976	982	988	995	
942	948	954	961	966	972	977	981	985	988	990	991	991	991	990	988	985	981	977	972	967	961	955	948	942	936	930	923	918	912	907	903	899	896	894	893	893	893	894	896	899	903	907	912	917	923	929	936	
234707	
181491	
221055	
57452	
2	48
12	42
12	26
15	27
9	40
18	40
1	40
11	48
1	5
7	14
6	29
18	36
8	40
1	31
2	32
19	24
20	35
19	26
8	40
8	40
14	40
6	48
12	29
20	48
20	48
3	32
13	48
16	45
18	40
8	40
4	33
1	7
8	28
17	48
20	40
15	22
14	40
20	43
11	46
17	26
0	48
0	48
0	48
0	48
