40	2	48	
20	20
37118	2734	619	
16212	5891	762	
39384	3403	688	
30856	4779	595	
20205	3748	734	
35207	2483	736	
27996	3969	547	
8369	4123	959	
25386	1228	604	
21297	4168	566	
37406	4337	583	
16929	3949	810	
32057	3662	698	
33408	2048	986	
26972	4685	988	
23300	3139	570	
11832	5801	502	
39396	2471	955	
14866	5497	913	
27199	4519	713	
9833	1768	788	
25747	1690	647	
27440	3739	573	
16510	1084	686	
23949	2124	981	
34843	4550	534	
17180	1794	816	
35057	2688	609	
10300	5859	955	
20763	5042	942	
13673	5019	736	
16438	3548	993	
19830	5825	706	
16358	2359	534	
12553	5296	625	
21393	3043	861	
32668	3208	707	
35637	3742	577	
8154	1138	567	
31686	1187	851	
4	2	
4	2	
3	1	
2	1	
4	2	
2	1	
3	2	
2	1	
2	1	
4	2	
4	2	
3	2	
3	1	
3	1	
5	3	
4	2	
3	1	
3	2	
2	1	
4	2	
3	1	
4	2	
3	1	
4	2	
4	2	
2	1	
5	3	
4	2	
3	2	
4	2	
4	2	
3	1	
3	1	
3	2	
4	2	
3	2	
3	2	
3	1	
2	1	
3	2	
1119	1125	1131	1138	1143	1149	1154	1158	1162	1165	1167	1168	1168	1168	1167	1165	1162	1158	1154	1149	1144	1138	1132	1125	1119	1113	1107	1100	1095	1089	1084	1080	1076	1073	1071	1070	1070	1070	1071	1073	1076	1080	1084	1089	1094	1100	1106	1113	
860	866	872	879	884	890	895	899	903	906	908	909	909	909	908	906	903	899	895	890	885	879	873	866	860	854	848	841	836	830	825	821	817	814	812	811	811	811	812	814	817	821	825	830	835	841	847	854	
204778	
195278	
10	40
9	35
2	40
1	40
4	17
18	40
7	40
7	15
12	48
1	7
8	40
9	38
1	40
16	40
12	48
14	48
9	22
16	40
1	21
2	37
17	46
2	23
12	32
3	17
5	30
3	40
16	44
10	40
17	46
7	17
16	28
1	40
3	21
18	46
17	48
16	30
1	40
7	40
4	8
12	40
0	48
0	48
