60	4	48	
30	30
9338	3610	832	
19408	4691	611	
8224	2348	925	
27542	5173	952	
33411	3420	776	
9256	1671	664	
20214	2240	526	
32383	4162	821	
11316	1134	680	
13516	3349	602	
9025	2255	816	
15508	3663	918	
15676	3077	797	
23268	3862	768	
17169	1521	862	
38750	2589	811	
13091	3925	582	
25758	3335	924	
31505	4404	777	
19493	5332	580	
23772	5397	700	
18595	3076	854	
20570	2022	758	
22945	3082	803	
10911	3848	992	
18152	3553	780	
38263	2668	522	
39866	1897	542	
9009	5508	755	
13542	5332	872	
31900	4195	974	
22586	2635	802	
14058	5504	721	
11741	3835	943	
11132	3804	656	
11913	4602	633	
7425	3223	673	
11800	4097	775	
32578	1567	627	
32040	4898	832	
9969	2402	823	
11537	4637	680	
39856	2909	693	
27366	5657	737	
22235	5707	695	
11442	4425	603	
15580	2279	607	
30941	1252	703	
35373	5519	522	
24086	1001	575	
10709	2110	753	
21628	2796	782	
18581	3047	902	
29891	4549	881	
23343	3506	573	
21631	5288	516	
9757	4805	805	
32678	2840	623	
35512	4841	531	
31503	1706	575	
1	3	2	1	
2	4	3	2	
1	2	2	1	
2	3	3	1	
2	3	2	1	
2	4	3	2	
2	3	3	2	
2	4	3	2	
1	2	2	1	
1	2	2	1	
1	2	2	1	
1	2	2	1	
2	3	3	2	
2	4	3	2	
1	2	2	1	
1	3	2	1	
2	3	3	2	
2	3	3	2	
1	3	2	1	
1	2	2	1	
2	3	3	2	
1	2	2	1	
2	3	3	1	
1	2	2	1	
1	2	2	1	
2	3	2	1	
1	2	2	1	
2	4	3	2	
2	4	3	2	
2	3	3	2	
2	3	3	2	
1	3	2	1	
3	4	4	2	
2	3	3	2	
1	2	2	1	
1	2	2	1	
1	3	2	1	
1	2	2	1	
2	4	3	2	
2	3	2	1	
2	4	3	2	
2	3	2	1	
2	3	3	2	
1	2	2	1	
2	3	2	1	
2	3	2	1	
2	4	3	2	
2	3	2	1	
1	2	2	1	
2	3	2	1	
1	3	2	1	
2	3	2	1	
1	2	2	1	
1	2	2	1	
2	4	3	2	
1	2	2	1	
2	3	3	2	
1	2	2	1	
2	4	3	2	
1	3	2	1	
785	791	797	804	809	815	820	824	828	831	833	834	834	834	833	831	828	824	820	815	810	804	798	791	785	779	773	766	761	755	750	746	742	739	737	736	736	736	737	739	742	746	750	755	760	766	772	779	
703	709	715	722	727	733	738	742	746	749	751	752	752	752	751	749	746	742	738	733	728	722	716	709	703	697	691	684	679	673	668	664	660	657	655	654	654	654	655	657	660	664	668	673	678	684	690	697	
1139	1145	1151	1158	1163	1169	1174	1178	1182	1185	1187	1188	1188	1188	1187	1185	1182	1178	1174	1169	1164	1158	1152	1145	1139	1133	1127	1120	1115	1109	1104	1100	1096	1093	1091	1090	1090	1090	1091	1093	1096	1100	1104	1109	1114	1120	1126	1133	
942	948	954	961	966	972	977	981	985	988	990	991	991	991	990	988	985	981	977	972	967	961	955	948	942	936	930	923	918	912	907	903	899	896	894	893	893	893	894	896	899	903	907	912	917	923	929	936	
65320	
96119	
89597	
145156	
14	25
12	25
3	27
6	40
9	40
20	47
17	29
4	40
2	13
1	30
2	5
12	22
10	27
2	44
4	48
10	40
4	29
11	48
16	40
6	22
18	48
16	21
6	39
12	28
8	13
2	48
9	40
11	40
13	45
8	40
17	40
20	48
6	40
5	36
18	48
15	48
16	48
6	48
18	40
19	40
7	14
11	35
2	40
12	28
5	24
7	9
16	21
6	40
5	40
16	36
5	36
16	18
2	32
13	40
18	48
14	17
10	22
9	40
1	40
20	40
0	48
0	48
0	48
0	48
