60	2	48	
30	30
30451	5809	530	
9955	4445	986	
11019	3624	513	
21787	3205	555	
20173	1451	698	
36454	4911	939	
35010	5313	722	
34240	3800	863	
11010	2750	676	
12692	1382	533	
27834	4849	707	
7558	4031	655	
24341	1111	885	
31292	3999	539	
27386	5706	892	
14048	4685	771	
21859	3743	791	
30465	4166	687	
36334	4556	634	
29160	2639	519	
8476	3973	565	
19168	1189	667	
31931	3787	975	
28121	4234	744	
18815	3604	999	
22529	3648	790	
20267	3885	985	
39738	5642	573	
23827	3545	806	
18820	4666	990	
17408	4316	516	
9227	5453	651	
35297	4439	812	
14722	2601	892	
27562	5818	924	
27485	1943	603	
14010	5483	837	
27623	3761	675	
30812	5477	753	
30781	2027	677	
12837	2068	711	
24276	3488	952	
15772	3675	899	
32510	2348	964	
18845	2586	885	
22586	5249	874	
32859	5826	823	
20799	4175	704	
9971	3746	927	
11235	3222	660	
36652	4721	700	
8802	5472	650	
33247	5648	947	
34685	2623	659	
38448	5550	665	
16150	2114	527	
20813	2886	559	
25300	5273	513	
33960	1440	781	
19791	2337	548	
1	2	
1	3	
1	2	
1	3	
1	3	
1	2	
1	2	
1	3	
1	2	
1	4	
2	4	
1	3	
1	3	
2	5	
1	3	
2	4	
1	2	
2	5	
1	2	
1	3	
1	3	
1	2	
1	3	
1	3	
1	3	
1	3	
1	3	
1	3	
2	4	
1	2	
2	4	
1	2	
1	3	
1	4	
1	2	
1	3	
1	3	
1	3	
1	4	
1	3	
1	3	
1	4	
1	3	
1	3	
1	4	
1	3	
1	3	
1	2	
1	3	
1	3	
1	4	
1	3	
1	2	
1	2	
1	3	
1	4	
1	3	
2	5	
1	3	
1	4	
863	869	875	882	887	893	898	902	906	909	911	912	912	912	911	909	906	902	898	893	888	882	876	869	863	857	851	844	839	833	828	824	820	817	815	814	814	814	815	817	820	824	828	833	838	844	850	857	
1104	1110	1116	1123	1128	1134	1139	1143	1147	1150	1152	1153	1153	1153	1152	1150	1147	1143	1139	1134	1129	1123	1117	1110	1104	1098	1092	1085	1080	1074	1069	1065	1061	1058	1056	1055	1055	1055	1056	1058	1061	1065	1069	1074	1079	1085	1091	1098	
168410	
214424	
8	40
15	44
15	48
12	19
7	47
1	40
2	40
18	40
12	48
6	10
19	40
19	29
15	38
6	40
5	48
3	32
6	24
14	40
16	40
18	40
19	20
3	21
8	40
4	40
2	47
17	48
11	18
12	40
6	41
20	21
12	28
1	48
9	40
2	25
14	40
18	45
15	16
13	40
13	40
3	40
16	29
6	9
2	23
6	40
18	47
13	45
3	40
6	48
2	21
4	9
10	40
8	23
18	40
12	40
12	40
19	48
13	24
3	29
7	40
14	41
0	48
0	48
