50	4	48	
25	25
33881	1766	586	
12389	3668	652	
30378	3077	897	
9802	3397	688	
7683	3538	590	
36186	5437	599	
9831	2116	869	
15360	4424	641	
37245	5868	636	
14124	3756	876	
14107	5405	777	
22003	1242	730	
20802	3925	593	
39764	1497	809	
8796	4429	629	
38669	4269	608	
26062	4524	888	
19519	2926	895	
8598	3669	770	
21770	1832	626	
19295	2053	702	
31164	5434	830	
38560	4346	642	
29663	1639	664	
38129	4747	531	
22854	2764	665	
30041	1714	502	
21970	5558	562	
32446	2959	600	
28871	5633	848	
15420	3283	663	
27396	5325	501	
38979	5736	660	
35854	1428	831	
38124	3337	664	
22364	2817	806	
14325	2364	870	
38550	5754	881	
9218	5485	566	
33439	3167	697	
33266	4844	900	
9317	3308	893	
38267	1114	643	
8501	5172	773	
29080	4605	863	
21219	1180	647	
13628	3208	609	
31801	5597	859	
31663	1498	627	
37256	2006	815	
2	2	2	3	
1	1	1	2	
3	3	3	3	
1	2	2	2	
1	2	2	2	
1	2	1	2	
2	2	2	2	
3	3	3	3	
2	2	2	2	
1	2	2	2	
2	2	2	2	
1	2	2	2	
3	3	3	3	
2	2	2	2	
2	3	3	3	
1	2	2	2	
2	2	2	2	
3	3	3	3	
2	2	2	2	
2	2	2	2	
2	2	2	2	
3	3	3	3	
2	2	2	2	
2	2	2	2	
1	2	2	2	
2	3	3	3	
2	3	3	3	
1	2	2	2	
3	3	3	3	
2	3	3	3	
2	3	3	3	
2	3	3	3	
3	3	3	3	
2	2	2	2	
2	3	3	3	
1	2	1	2	
2	2	2	2	
1	1	1	2	
2	3	3	3	
1	2	2	2	
2	2	2	3	
1	2	2	2	
2	2	2	2	
2	2	2	2	
2	3	2	3	
2	2	2	2	
1	1	1	2	
2	3	3	3	
3	3	3	3	
2	3	2	3	
737	743	749	756	761	767	772	776	780	783	785	786	786	786	785	783	780	776	772	767	762	756	750	743	737	731	725	718	713	707	702	698	694	691	689	688	688	688	689	691	694	698	702	707	712	718	724	731	
789	795	801	808	813	819	824	828	832	835	837	838	838	838	837	835	832	828	824	819	814	808	802	795	789	783	777	770	765	759	754	750	746	743	741	740	740	740	741	743	746	750	754	759	764	770	776	783	
901	907	913	920	925	931	936	940	944	947	949	950	950	950	949	947	944	940	936	931	926	920	914	907	901	895	889	882	877	871	866	862	858	855	853	852	852	852	853	855	858	862	866	871	876	882	888	895	
922	928	934	941	946	952	957	961	965	968	970	971	971	971	970	968	965	961	957	952	947	941	935	928	922	916	910	903	898	892	887	883	879	876	874	873	873	873	874	876	879	883	887	892	897	903	909	916	
227790	
92456	
190322	
215475	
17	40
5	47
9	40
12	48
10	13
2	40
15	19
9	20
7	40
2	13
13	27
18	32
8	40
15	40
6	19
17	40
9	11
13	16
14	48
2	32
18	25
14	40
4	40
5	40
17	40
15	31
13	40
13	14
5	40
18	40
17	36
15	48
17	40
1	40
19	40
4	28
2	35
5	40
16	27
19	40
8	40
14	48
18	40
1	29
15	40
10	44
4	32
3	40
1	40
8	40
0	48
0	48
0	48
0	48
