60	4	48	
30	30
26953	4057	825	
35819	3531	746	
24886	5290	812	
31420	4861	936	
22571	4202	502	
39489	2892	845	
33948	3758	980	
35006	5189	800	
22310	5597	590	
10842	2582	754	
17858	1883	611	
20926	3660	590	
11364	3680	638	
18581	2947	814	
38609	1940	704	
10051	3717	898	
25370	5736	856	
24089	4513	584	
33009	4027	932	
19025	4580	513	
25923	4220	979	
21208	5160	504	
26173	1665	553	
39220	1917	813	
39591	3597	833	
13000	5128	562	
9423	5108	631	
30543	1556	778	
18182	1387	808	
35993	4012	951	
10345	4303	873	
12362	5659	530	
31375	3850	517	
23821	4774	722	
34341	3832	791	
18511	5318	878	
26628	2433	663	
10420	2440	780	
39042	3947	985	
22648	2779	901	
23020	5513	795	
11269	1222	925	
26114	1080	779	
21901	5149	596	
23890	5316	958	
26395	3685	828	
25079	2794	720	
30374	4915	935	
33514	5190	510	
39654	2133	574	
15053	4817	909	
17330	4690	540	
13435	1518	793	
22889	1243	845	
31420	3697	515	
13498	2367	900	
20242	4397	701	
9389	2191	982	
20906	1172	930	
18796	3662	652	
1	1	1	1	
1	1	1	1	
2	3	2	2	
1	2	1	1	
1	2	2	2	
1	2	2	2	
2	2	2	2	
1	2	2	2	
1	2	2	2	
1	2	2	1	
2	2	2	2	
1	2	2	2	
2	3	3	3	
1	2	2	2	
1	2	1	1	
1	2	2	2	
1	2	2	2	
1	1	1	1	
1	2	2	2	
1	2	2	1	
2	3	2	2	
1	2	2	2	
1	2	1	1	
1	2	2	1	
1	2	2	1	
2	3	3	2	
1	2	2	2	
1	2	2	2	
1	2	2	2	
1	1	1	1	
1	1	1	1	
1	2	2	2	
2	3	3	3	
1	1	1	1	
1	2	2	2	
2	3	2	2	
1	2	1	1	
1	2	2	2	
2	2	2	2	
1	2	2	2	
1	2	2	2	
1	2	2	2	
1	1	1	1	
2	3	3	3	
1	2	2	2	
1	1	1	1	
2	2	2	2	
1	2	2	2	
1	2	2	2	
1	2	2	2	
1	2	2	2	
1	2	1	1	
1	1	1	1	
1	2	2	1	
1	1	1	1	
2	2	2	2	
1	1	1	1	
1	2	2	2	
1	2	2	2	
2	3	2	2	
997	1003	1009	1016	1021	1027	1032	1036	1040	1043	1045	1046	1046	1046	1045	1043	1040	1036	1032	1027	1022	1016	1010	1003	997	991	985	978	973	967	962	958	954	951	949	948	948	948	949	951	954	958	962	967	972	978	984	991	
951	957	963	970	975	981	986	990	994	997	999	1000	1000	1000	999	997	994	990	986	981	976	970	964	957	951	945	939	932	927	921	916	912	908	905	903	902	902	902	903	905	908	912	916	921	926	932	938	945	
760	766	772	779	784	790	795	799	803	806	808	809	809	809	808	806	803	799	795	790	785	779	773	766	760	754	748	741	736	730	725	721	717	714	712	711	711	711	712	714	717	721	725	730	735	741	747	754	
972	978	984	991	996	1002	1007	1011	1015	1018	1020	1021	1021	1021	1020	1018	1015	1011	1007	1002	997	991	985	978	972	966	960	953	948	942	937	933	929	926	924	923	923	923	924	926	929	933	937	942	947	953	959	966	
174223	
78811	
111612	
97323	
11	34
10	40
12	32
20	40
3	22
6	40
8	40
14	40
1	33
19	37
19	48
10	36
3	30
12	48
15	40
2	40
10	44
17	42
2	40
2	8
14	48
7	34
15	31
4	40
1	40
3	19
17	30
18	40
4	26
2	40
10	48
20	46
7	40
12	33
11	40
5	14
8	13
17	21
17	40
2	48
3	46
5	27
12	46
4	34
18	25
1	25
14	48
17	40
19	40
12	40
20	35
9	43
16	29
11	47
14	40
11	17
9	42
13	16
17	48
16	48
0	48
0	48
0	48
0	48
