30	4	48	
15	15
30260	1916	785	
39023	1995	708	
39225	4805	990	
23911	3876	711	
38103	4303	814	
36500	5752	507	
30452	3719	731	
33170	2902	638	
34561	3954	976	
19948	5582	511	
9715	4280	918	
15219	4890	582	
12966	4543	753	
37492	3883	657	
7533	3923	570	
38929	3362	513	
34777	3129	718	
22758	5724	739	
23792	5699	853	
12734	5494	959	
8524	3942	707	
12933	1068	989	
17490	2763	544	
19150	1972	809	
32670	3789	545	
28562	3892	830	
29940	2994	738	
12922	3574	944	
13901	3013	660	
8458	1988	611	
2	2	1	2	
2	1	1	2	
2	2	2	2	
2	2	2	2	
2	2	2	2	
3	3	3	4	
3	3	3	3	
2	2	1	2	
3	2	2	3	
3	3	2	3	
2	2	2	3	
3	2	2	3	
2	2	2	2	
3	3	3	3	
3	3	3	3	
2	2	2	2	
2	2	2	2	
2	2	2	2	
3	2	2	3	
2	2	2	2	
2	2	2	2	
2	2	2	2	
2	2	2	2	
3	3	3	4	
3	3	3	3	
2	2	2	2	
2	2	2	2	
1	1	1	2	
2	2	1	2	
2	2	2	2	
818	824	830	837	842	848	853	857	861	864	866	867	867	867	866	864	861	857	853	848	843	837	831	824	818	812	806	799	794	788	783	779	775	772	770	769	769	769	770	772	775	779	783	788	793	799	805	812	
988	994	1000	1007	1012	1018	1023	1027	1031	1034	1036	1037	1037	1037	1036	1034	1031	1027	1023	1018	1013	1007	1001	994	988	982	976	969	964	958	953	949	945	942	940	939	939	939	940	942	945	949	953	958	963	969	975	982	
852	858	864	871	876	882	887	891	895	898	900	901	901	901	900	898	895	891	887	882	877	871	865	858	852	846	840	833	828	822	817	813	809	806	804	803	803	803	804	806	809	813	817	822	827	833	839	846	
702	708	714	721	726	732	737	741	745	748	750	751	751	751	750	748	745	741	737	732	727	721	715	708	702	696	690	683	678	672	667	663	659	656	654	653	653	653	654	656	659	663	667	672	677	683	689	696	
190590	
76137	
193298	
234290	
5	40
20	40
18	40
6	30
8	40
11	40
11	40
11	40
16	40
18	38
16	48
11	33
11	22
6	40
19	28
2	40
17	40
17	48
13	33
9	48
6	39
6	28
20	27
6	45
7	40
10	40
12	40
10	25
5	12
20	42
0	48
0	48
0	48
0	48
