40	4	48	
20	20
10818	4472	703	
27267	4700	913	
18921	2339	898	
7428	3127	522	
12338	1453	993	
29142	3684	631	
8814	1718	618	
8984	4592	870	
26071	3579	832	
34121	2274	852	
31261	5485	943	
12377	2648	510	
25812	3864	535	
22199	2222	786	
18847	3754	692	
31817	4099	578	
26755	3915	833	
16127	1482	907	
32697	1845	895	
24779	3300	675	
21636	2322	707	
38727	3607	927	
27150	3659	872	
12996	5854	616	
25236	4058	877	
23055	1335	755	
14154	3265	523	
13192	1957	783	
37099	3683	699	
27136	4752	672	
36045	3684	627	
38478	1346	543	
32134	4043	753	
16145	5382	698	
39500	2268	777	
7652	4681	595	
25177	2584	613	
27510	3055	804	
15211	2731	946	
37650	5486	639	
2	3	3	3	
2	2	2	2	
3	4	4	4	
3	4	4	4	
2	3	3	3	
2	2	2	2	
3	4	4	4	
2	3	3	3	
2	2	2	2	
2	2	2	2	
2	2	2	2	
2	2	2	2	
2	2	2	2	
3	4	4	4	
2	2	2	2	
3	4	4	3	
2	2	2	2	
3	3	3	3	
4	4	4	4	
3	4	4	3	
3	4	4	3	
3	4	4	4	
2	3	3	3	
2	3	3	3	
3	3	3	3	
3	3	3	3	
3	4	4	4	
2	2	2	2	
2	3	3	3	
3	3	3	3	
2	2	2	2	
3	4	4	4	
3	4	4	4	
2	2	2	2	
2	2	2	2	
2	3	3	3	
2	2	2	2	
3	4	4	4	
3	3	3	3	
2	2	2	2	
730	736	742	749	754	760	765	769	773	776	778	779	779	779	778	776	773	769	765	760	755	749	743	736	730	724	718	711	706	700	695	691	687	684	682	681	681	681	682	684	687	691	695	700	705	711	717	724	
705	711	717	724	729	735	740	744	748	751	753	754	754	754	753	751	748	744	740	735	730	724	718	711	705	699	693	686	681	675	670	666	662	659	657	656	656	656	657	659	662	666	670	675	680	686	692	699	
680	686	692	699	704	710	715	719	723	726	728	729	729	729	728	726	723	719	715	710	705	699	693	686	680	674	668	661	656	650	645	641	637	634	632	631	631	631	632	634	637	641	645	650	655	661	667	674	
1105	1111	1117	1124	1129	1135	1140	1144	1148	1151	1153	1154	1154	1154	1153	1151	1148	1144	1140	1135	1130	1124	1118	1111	1105	1099	1093	1086	1081	1075	1070	1066	1062	1059	1057	1056	1056	1056	1057	1059	1062	1066	1070	1075	1080	1086	1092	1099	
173744	
188827	
197057	
59968	
18	26
16	40
14	27
8	31
14	17
18	40
9	48
2	20
9	33
20	40
3	40
19	48
14	36
3	24
5	17
16	40
14	44
2	10
7	40
4	42
1	48
16	40
8	20
17	48
6	48
7	40
15	33
11	19
15	40
13	36
13	40
15	40
7	40
6	48
9	40
4	35
8	36
16	40
12	41
7	40
0	48
0	48
0	48
0	48
