30	4	48	
15	15
12150	4167	550	
17394	4003	880	
38600	2753	852	
27554	3134	539	
18931	5763	925	
11203	4621	580	
13149	3259	959	
7899	3780	951	
20339	3716	616	
11916	4122	646	
12250	1949	769	
15829	2476	754	
18805	3464	959	
29718	1557	817	
23506	1128	692	
25053	3182	808	
27489	4940	946	
13399	2052	950	
20736	4668	945	
7764	1504	809	
15953	2005	717	
13923	4686	710	
38905	4124	843	
19947	2793	818	
23693	2162	610	
13355	5654	632	
31507	2196	971	
22672	3835	599	
37120	4754	558	
8449	4122	663	
3	3	2	2	
2	2	2	1	
4	4	3	3	
3	4	2	2	
4	4	3	3	
3	3	2	2	
2	2	1	1	
4	4	3	3	
3	3	2	2	
3	3	2	2	
2	2	1	1	
3	3	2	2	
4	4	3	3	
4	5	3	3	
3	3	2	2	
4	4	3	3	
4	4	3	3	
4	4	3	3	
2	3	2	2	
3	3	2	2	
2	2	2	2	
2	2	2	1	
5	5	3	3	
3	3	2	2	
5	5	3	3	
4	4	3	3	
3	4	2	2	
2	2	1	1	
3	4	2	2	
3	3	2	2	
814	820	826	833	838	844	849	853	857	860	862	863	863	863	862	860	857	853	849	844	839	833	827	820	814	808	802	795	790	784	779	775	771	768	766	765	765	765	766	768	771	775	779	784	789	795	801	808	
885	891	897	904	909	915	920	924	928	931	933	934	934	934	933	931	928	924	920	915	910	904	898	891	885	879	873	866	861	855	850	846	842	839	837	836	836	836	837	839	842	846	850	855	860	866	872	879	
1004	1010	1016	1023	1028	1034	1039	1043	1047	1050	1052	1053	1053	1053	1052	1050	1047	1043	1039	1034	1029	1023	1017	1010	1004	998	992	985	980	974	969	965	961	958	956	955	955	955	956	958	961	965	969	974	979	985	991	998	
754	760	766	773	778	784	789	793	797	800	802	803	803	803	802	800	797	793	789	784	779	773	767	760	754	748	742	735	730	724	719	715	711	708	706	705	705	705	706	708	711	715	719	724	729	735	741	748	
170055	
46673	
202836	
23894	
8	13
12	45
19	40
16	40
16	48
9	44
1	26
13	32
16	40
3	9
4	42
3	12
18	28
9	40
13	34
1	14
2	24
1	45
19	37
18	28
2	17
3	5
6	40
14	45
8	26
13	38
12	40
1	35
19	40
15	47
0	48
0	48
0	48
0	48
