30	4	48	
15	15
10646	4702	714	
22516	4143	514	
8994	5140	795	
34083	2520	685	
8244	4793	508	
33918	2034	859	
18580	2741	511	
13574	2481	879	
23824	3848	968	
35700	2939	623	
37306	1597	911	
39233	2620	797	
22351	2480	967	
38679	1396	908	
10891	2852	711	
9034	2457	584	
22958	4929	603	
23787	5866	868	
37711	5576	627	
17024	2405	691	
23984	4724	868	
7852	3287	679	
22773	4591	516	
15986	1383	957	
15158	1057	551	
13916	2984	618	
13198	3418	675	
23778	1048	549	
27799	5709	756	
35597	1116	828	
2	2	3	2	
2	3	3	2	
3	3	4	3	
2	2	3	2	
2	3	3	2	
3	3	4	3	
3	4	5	4	
2	2	3	2	
2	2	3	2	
2	3	4	3	
2	2	3	2	
2	2	3	2	
2	2	3	2	
3	3	4	3	
2	2	3	2	
3	4	5	3	
3	3	4	3	
2	2	3	2	
2	3	3	2	
2	3	4	3	
3	4	5	3	
2	3	4	3	
2	2	3	2	
2	3	3	2	
2	2	3	2	
2	3	4	2	
2	3	3	2	
2	3	4	2	
2	2	3	2	
4	4	5	4	
737	743	749	756	761	767	772	776	780	783	785	786	786	786	785	783	780	776	772	767	762	756	750	743	737	731	725	718	713	707	702	698	694	691	689	688	688	688	689	691	694	698	702	707	712	718	724	731	
1122	1128	1134	1141	1146	1152	1157	1161	1165	1168	1170	1171	1171	1171	1170	1168	1165	1161	1157	1152	1147	1141	1135	1128	1122	1116	1110	1103	1098	1092	1087	1083	1079	1076	1074	1073	1073	1073	1074	1076	1079	1083	1087	1092	1097	1103	1109	1116	
765	771	777	784	789	795	800	804	808	811	813	814	814	814	813	811	808	804	800	795	790	784	778	771	765	759	753	746	741	735	730	726	722	719	717	716	716	716	717	719	722	726	730	735	740	746	752	759	
856	862	868	875	880	886	891	895	899	902	904	905	905	905	904	902	899	895	891	886	881	875	869	862	856	850	844	837	832	826	821	817	813	810	808	807	807	807	808	810	813	817	821	826	831	837	843	850	
217940	
193055	
38841	
207663	
14	19
9	23
5	39
15	40
5	47
18	40
14	21
7	29
17	23
17	40
13	40
11	40
18	48
12	40
4	48
10	32
15	48
3	11
3	40
16	44
14	48
12	37
9	15
6	8
6	32
12	17
20	48
2	42
8	40
15	40
0	48
0	48
0	48
0	48
