50	2	48	
25	25
12943	5098	724	
13509	3572	670	
8625	5090	863	
19768	1228	631	
20739	1651	777	
36329	4542	556	
16147	2090	825	
25136	5775	708	
27862	2625	776	
39187	3097	529	
25097	2442	546	
38072	2162	665	
36302	4662	693	
35404	2151	826	
23177	1238	540	
12522	1911	700	
34938	1420	556	
34075	5567	704	
11895	3652	667	
9129	2345	767	
26827	5651	670	
9650	5044	798	
19258	1134	797	
21639	3855	751	
25894	5398	741	
30074	3894	502	
11191	2338	615	
32032	1370	744	
21987	5640	719	
11239	5846	757	
37603	4106	747	
9400	5143	665	
17865	4526	867	
15603	2518	849	
16871	4791	852	
33822	4218	620	
7376	5524	583	
37541	2408	826	
11315	4758	654	
31284	1215	818	
37657	2800	512	
16227	3198	666	
8155	4854	836	
38966	5783	888	
9362	2777	768	
36619	3060	759	
33626	4116	838	
9592	4462	730	
28136	1355	539	
24100	4085	702	
3	4	
3	3	
3	3	
1	2	
3	4	
2	3	
2	3	
2	3	
3	4	
3	4	
3	4	
2	3	
1	2	
3	4	
2	2	
2	3	
2	2	
2	2	
2	3	
1	2	
1	2	
2	2	
2	3	
2	3	
1	2	
2	2	
3	3	
1	2	
3	3	
2	2	
2	2	
1	2	
3	3	
1	2	
2	2	
2	3	
2	3	
1	2	
2	2	
2	3	
2	2	
2	3	
2	2	
2	3	
3	3	
2	2	
1	2	
1	2	
1	2	
2	2	
1059	1065	1071	1078	1083	1089	1094	1098	1102	1105	1107	1108	1108	1108	1107	1105	1102	1098	1094	1089	1084	1078	1072	1065	1059	1053	1047	1040	1035	1029	1024	1020	1016	1013	1011	1010	1010	1010	1011	1013	1016	1020	1024	1029	1034	1040	1046	1053	
804	810	816	823	828	834	839	843	847	850	852	853	853	853	852	850	847	843	839	834	829	823	817	810	804	798	792	785	780	774	769	765	761	758	756	755	755	755	756	758	761	765	769	774	779	785	791	798	
35000	
129887	
15	35
16	22
14	24
16	48
2	24
19	40
4	6
18	20
12	40
3	40
20	32
7	40
18	40
4	40
7	31
15	25
12	40
8	40
1	26
2	44
6	47
7	34
1	42
18	48
17	37
15	40
18	48
14	40
6	18
7	18
5	40
13	20
18	35
13	48
13	22
15	40
6	14
14	40
14	23
16	40
1	40
14	48
9	48
7	40
3	6
9	40
7	40
19	42
18	40
6	37
0	48
0	48
