60	2	48	
30	30
37971	1077	545	
34799	4551	843	
35906	1368	897	
21481	3807	527	
9444	5482	857	
11752	4464	949	
11869	2118	827	
34465	1818	853	
33185	2455	931	
15851	2070	699	
30637	5724	913	
15750	3237	593	
19715	3598	829	
26158	5373	609	
33607	4375	858	
37834	4263	703	
33096	3778	987	
22157	5463	657	
37434	1942	567	
36982	3061	511	
31078	4467	996	
11153	1062	686	
35747	1366	534	
38117	1669	702	
30190	1156	725	
16399	1994	822	
20085	3699	697	
16014	1103	951	
9235	5443	553	
16803	3514	746	
11029	4919	931	
31785	4260	790	
19418	2833	897	
19581	2751	987	
25029	4912	751	
32237	5289	613	
22060	3957	684	
9681	3014	902	
33616	4929	519	
28761	4737	586	
29808	5526	564	
17698	3735	814	
36789	2662	544	
37544	2076	536	
15115	2308	814	
27023	2415	760	
12883	4724	928	
17612	4512	744	
37526	1660	756	
18258	5775	561	
26320	1005	823	
25568	5411	807	
24839	3131	941	
39900	4550	897	
22286	2767	944	
13561	4526	561	
19838	4763	839	
36662	1060	758	
38418	4061	690	
29188	4874	796	
2	1	
4	1	
4	1	
2	1	
3	1	
3	1	
2	1	
4	1	
3	1	
3	1	
3	1	
2	1	
3	1	
3	1	
2	1	
4	1	
4	1	
4	1	
3	1	
3	1	
4	1	
2	1	
3	1	
2	1	
3	1	
4	1	
2	1	
2	1	
3	1	
3	1	
4	1	
2	1	
3	1	
3	1	
3	1	
4	1	
3	1	
3	1	
3	1	
4	1	
3	1	
4	1	
3	1	
3	1	
2	1	
3	1	
3	1	
3	1	
2	1	
4	1	
3	1	
2	1	
4	1	
2	1	
3	1	
4	1	
2	1	
3	1	
3	1	
3	1	
993	999	1005	1012	1017	1023	1028	1032	1036	1039	1041	1042	1042	1042	1041	1039	1036	1032	1028	1023	1018	1012	1006	999	993	987	981	974	969	963	958	954	950	947	945	944	944	944	945	947	950	954	958	963	968	974	980	987	
785	791	797	804	809	815	820	824	828	831	833	834	834	834	833	831	828	824	820	815	810	804	798	791	785	779	773	766	761	755	750	746	742	739	737	736	736	736	737	739	742	746	750	755	760	766	772	779	
104960	
206167	
4	40
1	40
6	40
3	40
6	35
8	48
4	30
7	40
2	40
16	19
8	40
3	46
16	41
10	34
9	40
10	40
16	40
7	48
19	40
20	40
8	40
3	13
17	40
1	40
7	40
10	37
1	8
8	15
9	13
13	48
13	35
19	40
14	48
14	34
12	21
19	40
5	39
1	10
2	40
5	40
6	40
20	48
1	40
19	40
3	30
15	26
18	48
7	32
9	40
11	46
18	48
15	31
9	28
9	40
19	48
19	48
12	19
1	40
19	40
7	40
0	48
0	48
