60	4	48	
30	30
28864	2114	606	
21433	5065	604	
20429	3589	836	
17441	2778	638	
15593	4922	720	
31090	4205	947	
34354	1286	626	
10194	3790	909	
32302	3866	723	
37454	1787	831	
36749	2763	640	
23739	2944	644	
17674	2874	837	
33835	1762	807	
23201	4798	960	
8000	1114	689	
16658	2504	603	
27415	2291	890	
12661	5757	905	
21961	2455	577	
15801	5881	787	
8565	3459	820	
23618	5513	620	
30535	2042	854	
25086	1723	984	
8415	4268	621	
26344	3907	529	
12325	4740	840	
9557	2576	927	
22756	5349	767	
38071	2367	578	
22520	3636	554	
25319	4804	576	
21962	5423	640	
10361	1623	764	
25490	1358	681	
15643	4822	677	
10853	5422	623	
35975	3034	741	
38684	1804	585	
17804	2762	669	
28924	1806	869	
27802	2964	979	
35496	1759	955	
35918	4927	554	
24923	1919	774	
30363	2289	834	
15939	4058	557	
22027	3101	590	
26085	3935	786	
27431	4086	680	
22125	5279	519	
9673	2125	992	
29651	4813	923	
9359	3665	714	
28551	2070	836	
24866	4879	697	
25338	5390	886	
26910	2991	934	
21202	2262	531	
3	2	3	2	
2	1	2	2	
3	2	3	2	
3	1	2	2	
3	2	3	3	
3	2	3	3	
4	3	4	4	
4	3	4	4	
4	2	3	3	
4	2	3	3	
3	2	3	2	
2	1	2	2	
2	1	2	2	
4	3	4	4	
3	2	3	3	
5	3	4	4	
2	1	2	2	
4	3	4	4	
4	3	4	4	
3	2	3	2	
2	1	2	2	
3	2	3	3	
3	2	3	3	
2	1	2	2	
2	1	2	2	
3	2	3	3	
3	2	3	2	
2	1	2	2	
3	2	3	3	
4	2	3	3	
4	2	4	3	
2	1	2	2	
4	2	4	3	
3	2	2	2	
4	2	4	3	
4	2	4	3	
3	2	3	3	
2	1	2	2	
3	2	3	3	
3	2	3	3	
4	2	3	3	
2	1	2	2	
3	2	3	2	
4	3	4	4	
2	1	2	2	
3	2	3	3	
5	3	4	4	
3	2	3	2	
3	2	3	2	
2	1	2	2	
2	1	2	2	
3	2	3	3	
3	2	3	2	
3	2	3	3	
3	1	2	2	
4	3	4	3	
3	2	3	2	
4	2	4	3	
5	3	4	4	
3	2	3	2	
860	866	872	879	884	890	895	899	903	906	908	909	909	909	908	906	903	899	895	890	885	879	873	866	860	854	848	841	836	830	825	821	817	814	812	811	811	811	812	814	817	821	825	830	835	841	847	854	
708	714	720	727	732	738	743	747	751	754	756	757	757	757	756	754	751	747	743	738	733	727	721	714	708	702	696	689	684	678	673	669	665	662	660	659	659	659	660	662	665	669	673	678	683	689	695	702	
1127	1133	1139	1146	1151	1157	1162	1166	1170	1173	1175	1176	1176	1176	1175	1173	1170	1166	1162	1157	1152	1146	1140	1133	1127	1121	1115	1108	1103	1097	1092	1088	1084	1081	1079	1078	1078	1078	1079	1081	1084	1088	1092	1097	1102	1108	1114	1121	
941	947	953	960	965	971	976	980	984	987	989	990	990	990	989	987	984	980	976	971	966	960	954	947	941	935	929	922	917	911	906	902	898	895	893	892	892	892	893	895	898	902	906	911	916	922	928	935	
231283	
74952	
88783	
234380	
11	40
19	34
17	48
3	16
9	48
16	40
17	40
15	46
5	40
20	40
12	40
19	48
15	48
19	40
7	48
19	48
14	26
4	48
19	48
12	48
10	17
20	30
2	40
19	40
14	48
13	43
11	37
2	35
5	40
11	45
2	40
18	48
5	15
11	48
7	41
4	48
5	48
11	25
20	40
8	40
6	13
2	40
14	40
5	40
9	40
12	22
18	40
3	39
13	32
11	43
19	35
13	48
11	42
3	40
20	48
10	40
20	35
8	48
2	7
8	41
0	48
0	48
0	48
0	48
