40	4	48	
20	20
10599	2375	583	
27483	2455	686	
25659	4715	992	
15460	4995	663	
39455	2800	710	
27223	1411	511	
23141	5659	807	
18819	5788	899	
18015	1802	721	
21403	3383	883	
27306	2402	715	
15866	3069	807	
15053	4497	916	
31533	2572	983	
23843	2096	707	
30284	1044	601	
15844	1194	890	
27162	2145	931	
28046	1965	896	
8732	3813	976	
13093	5565	629	
11873	4126	576	
7717	2260	632	
20987	2760	833	
17926	5167	520	
10070	3491	693	
30601	5631	842	
28197	2132	615	
33417	3339	712	
13426	2466	526	
10468	5749	931	
15388	3954	578	
34717	5863	589	
32674	2499	794	
33284	5286	957	
33092	4376	867	
28856	1377	629	
34263	3176	857	
19749	2685	636	
24580	3712	537	
3	2	3	2	
2	2	3	2	
3	2	3	2	
3	2	3	2	
4	3	5	3	
3	2	3	2	
4	4	5	4	
3	3	4	3	
2	2	2	2	
3	3	4	3	
2	2	2	2	
3	2	3	2	
3	3	4	3	
2	2	2	2	
3	2	3	2	
2	2	3	2	
3	3	4	3	
3	2	3	2	
3	3	4	3	
2	2	2	2	
2	2	2	2	
2	2	2	2	
4	4	5	4	
2	2	2	2	
4	3	5	3	
2	2	2	2	
3	3	4	3	
4	3	4	3	
2	2	2	2	
2	2	3	2	
3	3	3	2	
2	2	2	2	
3	2	3	2	
4	3	4	3	
4	3	4	3	
4	3	4	3	
3	2	3	2	
4	3	5	3	
3	3	4	3	
2	2	3	2	
952	958	964	971	976	982	987	991	995	998	1000	1001	1001	1001	1000	998	995	991	987	982	977	971	965	958	952	946	940	933	928	922	917	913	909	906	904	903	903	903	904	906	909	913	917	922	927	933	939	946	
1112	1118	1124	1131	1136	1142	1147	1151	1155	1158	1160	1161	1161	1161	1160	1158	1155	1151	1147	1142	1137	1131	1125	1118	1112	1106	1100	1093	1088	1082	1077	1073	1069	1066	1064	1063	1063	1063	1064	1066	1069	1073	1077	1082	1087	1093	1099	1106	
954	960	966	973	978	984	989	993	997	1000	1002	1003	1003	1003	1002	1000	997	993	989	984	979	973	967	960	954	948	942	935	930	924	919	915	911	908	906	905	905	905	906	908	911	915	919	924	929	935	941	948	
1015	1021	1027	1034	1039	1045	1050	1054	1058	1061	1063	1064	1064	1064	1063	1061	1058	1054	1050	1045	1040	1034	1028	1021	1015	1009	1003	996	991	985	980	976	972	969	967	966	966	966	967	969	972	976	980	985	990	996	1002	1009	
140280	
171698	
37333	
101180	
11	25
4	21
11	48
16	34
17	40
2	14
19	48
6	30
17	46
17	48
19	31
2	24
13	48
15	40
11	31
5	40
3	30
15	26
8	40
20	39
15	29
3	26
10	36
15	19
1	13
15	48
7	40
10	40
8	40
17	47
20	48
19	48
15	40
18	40
16	40
8	40
6	40
7	40
19	22
17	46
0	48
0	48
0	48
0	48
