50	2	48	
25	25
7359	4510	804	
35948	4958	670	
7755	1758	742	
27769	5425	865	
12282	2209	716	
35403	4505	784	
31927	4963	835	
9280	1037	714	
23014	3465	798	
9845	1031	525	
20893	1001	694	
23630	4735	797	
30123	5490	735	
27810	1916	858	
15509	4867	639	
19937	2752	557	
16659	5852	878	
26667	5160	709	
28118	5846	554	
28122	4270	524	
24096	3135	805	
39691	2941	693	
29061	4738	653	
15067	4637	505	
37863	2954	696	
31171	5800	745	
26133	4800	792	
23923	2196	678	
19250	2779	865	
30516	5847	719	
23518	2983	841	
20342	4474	872	
10706	3119	851	
15552	4061	892	
26203	2534	877	
24337	5884	548	
7724	2991	867	
13095	1387	850	
35766	3734	805	
8638	1530	748	
36917	2800	705	
24844	4602	827	
10705	2943	739	
26236	4403	560	
33266	2979	529	
36037	3310	772	
39090	1098	569	
19556	1449	733	
24937	3817	509	
15247	4594	870	
2	2	
2	2	
2	2	
2	3	
2	2	
3	3	
3	3	
2	2	
4	4	
3	3	
3	3	
2	3	
3	3	
2	2	
2	2	
2	2	
3	3	
2	2	
3	3	
3	4	
2	3	
2	2	
2	2	
2	2	
3	3	
2	2	
2	2	
2	2	
2	2	
2	2	
3	4	
2	2	
2	2	
2	2	
4	4	
2	3	
2	3	
2	2	
2	2	
2	2	
2	2	
2	2	
4	4	
4	4	
3	3	
3	3	
2	2	
2	3	
2	2	
2	2	
1113	1119	1125	1132	1137	1143	1148	1152	1156	1159	1161	1162	1162	1162	1161	1159	1156	1152	1148	1143	1138	1132	1126	1119	1113	1107	1101	1094	1089	1083	1078	1074	1070	1067	1065	1064	1064	1064	1065	1067	1070	1074	1078	1083	1088	1094	1100	1107	
943	949	955	962	967	973	978	982	986	989	991	992	992	992	991	989	986	982	978	973	968	962	956	949	943	937	931	924	919	913	908	904	900	897	895	894	894	894	895	897	900	904	908	913	918	924	930	937	
130451	
137401	
13	48
15	40
18	32
4	40
20	33
10	40
12	40
7	12
6	35
12	35
12	21
2	46
13	40
4	40
10	29
4	35
6	48
17	48
7	40
12	40
16	48
3	40
1	40
14	48
2	40
7	40
16	48
20	48
11	14
3	40
5	48
5	24
11	29
16	48
1	48
20	26
19	48
6	16
2	40
19	48
19	40
18	32
17	48
1	11
13	40
14	40
4	40
12	43
3	33
15	38
0	48
0	48
