50	4	48	
25	25
38130	3446	785	
22551	1615	693	
24916	5481	818	
11879	4945	640	
18728	1319	701	
32012	2568	640	
12392	4497	650	
21150	1850	503	
24074	3298	537	
10653	5205	583	
21052	4765	662	
32682	1709	874	
25875	4942	586	
25561	2753	516	
32628	5373	745	
35989	2695	566	
8944	1423	501	
19258	5306	624	
39654	1759	765	
27346	2062	806	
8032	1932	722	
16513	2842	851	
15295	5260	513	
17835	2586	584	
20123	2993	723	
25563	5183	869	
36073	3980	669	
7654	5678	609	
30569	4407	630	
31376	1415	734	
19737	1668	653	
24400	2079	724	
20728	5770	891	
11871	5641	550	
15787	5047	826	
28916	1619	647	
27084	1690	592	
22577	5717	567	
11659	2940	787	
23659	1773	806	
22366	5757	661	
16051	3451	896	
24694	4382	617	
35918	5136	665	
21058	3715	737	
13690	2584	749	
30828	4237	870	
39110	3603	594	
29738	3972	855	
11281	4556	584	
2	3	3	1	
2	4	4	2	
1	3	2	1	
2	3	3	2	
2	3	3	1	
1	2	2	1	
3	5	4	3	
2	3	3	2	
2	3	3	1	
3	5	5	3	
1	3	2	1	
1	2	2	1	
2	4	4	2	
2	3	3	1	
1	2	2	1	
2	4	4	2	
3	4	4	2	
1	3	2	1	
2	3	3	2	
2	3	3	2	
1	3	2	1	
1	2	2	1	
1	2	2	1	
2	3	3	2	
2	4	3	2	
1	3	2	1	
3	4	4	2	
2	4	4	2	
2	3	3	1	
1	2	2	1	
2	3	3	2	
2	3	3	1	
1	2	2	1	
2	3	3	2	
2	4	4	2	
2	4	4	2	
2	4	4	2	
1	3	2	1	
1	2	2	1	
2	4	3	2	
2	4	4	2	
2	4	3	2	
2	4	4	2	
2	3	3	2	
2	3	3	2	
2	3	3	2	
2	4	4	2	
2	4	3	2	
1	3	2	1	
2	3	3	2	
1053	1059	1065	1072	1077	1083	1088	1092	1096	1099	1101	1102	1102	1102	1101	1099	1096	1092	1088	1083	1078	1072	1066	1059	1053	1047	1041	1034	1029	1023	1018	1014	1010	1007	1005	1004	1004	1004	1005	1007	1010	1014	1018	1023	1028	1034	1040	1047	
746	752	758	765	770	776	781	785	789	792	794	795	795	795	794	792	789	785	781	776	771	765	759	752	746	740	734	727	722	716	711	707	703	700	698	697	697	697	698	700	703	707	711	716	721	727	733	740	
1111	1117	1123	1130	1135	1141	1146	1150	1154	1157	1159	1160	1160	1160	1159	1157	1154	1150	1146	1141	1136	1130	1124	1117	1111	1105	1099	1092	1087	1081	1076	1072	1068	1065	1063	1062	1062	1062	1063	1065	1068	1072	1076	1081	1086	1092	1098	1105	
715	721	727	734	739	745	750	754	758	761	763	764	764	764	763	761	758	754	750	745	740	734	728	721	715	709	703	696	691	685	680	676	672	669	667	666	666	666	667	669	672	676	680	685	690	696	702	709	
136868	
222575	
104186	
178855	
6	40
16	23
20	40
11	48
5	39
7	40
6	44
4	42
10	19
12	48
13	31
15	40
20	33
16	18
18	40
13	40
3	42
9	37
13	40
18	42
13	25
15	36
20	48
9	43
16	21
20	26
14	40
18	48
6	40
4	40
6	42
18	48
1	30
11	17
13	47
11	40
15	45
12	18
20	37
14	48
9	20
15	28
17	48
2	40
19	42
11	48
7	40
5	40
20	40
14	48
0	48
0	48
0	48
0	48
