50	4	48	
25	25
21361	5372	564	
19585	1519	631	
11021	5178	888	
32925	3050	630	
27548	2927	594	
8254	1060	799	
29640	1261	553	
16874	3914	762	
9092	5119	844	
14845	1245	692	
32475	4198	540	
17725	5729	501	
8022	1768	642	
31754	5524	831	
25696	5603	838	
19889	1753	865	
24982	1204	761	
17375	4522	735	
35689	3878	574	
13774	5391	618	
26527	4881	635	
29179	4792	874	
18193	4601	783	
36093	5176	588	
34046	2914	893	
12633	4832	598	
31582	3155	817	
20759	2877	553	
19632	4271	535	
10483	5826	601	
11247	3576	778	
11519	4184	645	
15976	5405	598	
9177	2475	626	
32659	5005	601	
10002	3208	653	
17525	5312	759	
18034	3838	795	
18922	2750	705	
39917	1525	511	
35801	2308	507	
37753	5213	762	
24259	2844	882	
13637	3128	769	
10869	5085	618	
31442	3732	599	
38606	3751	632	
23721	3064	625	
7561	2144	863	
39335	5194	861	
2	1	2	2	
1	1	2	2	
2	2	3	3	
2	1	2	2	
1	1	2	2	
2	2	3	3	
2	2	2	3	
2	2	3	3	
2	1	2	2	
1	1	2	2	
2	2	2	3	
2	2	3	3	
2	2	3	3	
1	1	2	2	
2	2	3	3	
2	1	2	2	
1	1	2	2	
2	2	2	2	
2	2	3	3	
1	1	2	2	
1	1	2	2	
1	1	2	2	
1	1	2	2	
2	2	3	3	
2	2	2	2	
1	1	2	2	
2	2	2	3	
2	1	2	2	
2	2	2	2	
1	1	2	2	
1	1	2	2	
2	2	3	4	
1	1	2	2	
2	2	3	3	
2	2	2	2	
2	1	2	2	
1	1	2	2	
3	2	4	4	
1	1	2	2	
2	2	3	3	
2	2	3	3	
2	2	2	2	
2	2	3	3	
2	1	2	2	
1	1	2	2	
3	2	4	4	
1	1	2	2	
1	1	2	2	
1	1	2	2	
2	2	3	3	
1068	1074	1080	1087	1092	1098	1103	1107	1111	1114	1116	1117	1117	1117	1116	1114	1111	1107	1103	1098	1093	1087	1081	1074	1068	1062	1056	1049	1044	1038	1033	1029	1025	1022	1020	1019	1019	1019	1020	1022	1025	1029	1033	1038	1043	1049	1055	1062	
990	996	1002	1009	1014	1020	1025	1029	1033	1036	1038	1039	1039	1039	1038	1036	1033	1029	1025	1020	1015	1009	1003	996	990	984	978	971	966	960	955	951	947	944	942	941	941	941	942	944	947	951	955	960	965	971	977	984	
1105	1111	1117	1124	1129	1135	1140	1144	1148	1151	1153	1154	1154	1154	1153	1151	1148	1144	1140	1135	1130	1124	1118	1111	1105	1099	1093	1086	1081	1075	1070	1066	1062	1059	1057	1056	1056	1056	1057	1059	1062	1066	1070	1075	1080	1086	1092	1099	
893	899	905	912	917	923	928	932	936	939	941	942	942	942	941	939	936	932	928	923	918	912	906	899	893	887	881	874	869	863	858	854	850	847	845	844	844	844	845	847	850	854	858	863	868	874	880	887	
30130	
96128	
64406	
37793	
1	17
18	48
20	24
5	40
19	40
11	48
5	40
7	35
17	48
4	9
7	40
1	16
5	18
5	40
17	33
17	21
19	48
18	37
12	40
20	42
7	12
8	40
14	21
5	40
14	40
10	48
9	40
7	48
17	48
19	48
20	40
3	6
7	22
2	25
19	40
19	31
2	47
13	45
6	41
11	40
3	40
6	40
2	24
15	35
7	21
10	40
8	40
3	45
6	42
10	40
0	48
0	48
0	48
0	48
