40	2	48	
20	20
18579	5691	697	
39818	2157	924	
16990	2919	973	
16565	5303	523	
14273	4270	923	
21355	4027	943	
38180	5642	716	
33278	5670	655	
13459	2598	665	
11330	2673	694	
23698	3261	935	
26077	3290	671	
32883	4494	801	
34280	1522	515	
31019	5626	535	
16202	4844	869	
17494	3649	848	
30657	4739	929	
25064	5485	706	
29042	3173	749	
23048	2752	745	
20228	5625	869	
39739	1777	896	
17709	3254	871	
11660	2235	604	
27533	2948	686	
30288	3391	583	
8224	1941	600	
33267	1434	936	
32484	1356	901	
7838	5138	729	
13730	4470	892	
9486	3108	901	
29665	1364	590	
23844	3830	744	
13481	5359	626	
36195	1919	608	
9792	2939	732	
29669	2263	864	
21767	1129	612	
1	2	
1	2	
1	2	
1	2	
1	3	
1	2	
1	2	
1	2	
1	2	
1	2	
1	3	
1	1	
1	3	
1	3	
1	3	
1	2	
1	2	
1	2	
1	2	
1	2	
2	3	
1	3	
1	2	
1	2	
1	2	
1	2	
1	2	
1	3	
2	3	
1	2	
2	3	
1	2	
1	2	
1	3	
1	2	
1	3	
1	2	
1	2	
1	3	
1	2	
955	961	967	974	979	985	990	994	998	1001	1003	1004	1004	1004	1003	1001	998	994	990	985	980	974	968	961	955	949	943	936	931	925	920	916	912	909	907	906	906	906	907	909	912	916	920	925	930	936	942	949	
790	796	802	809	814	820	825	829	833	836	838	839	839	839	838	836	833	829	825	820	815	809	803	796	790	784	778	771	766	760	755	751	747	744	742	741	741	741	742	744	747	751	755	760	765	771	777	784	
105501	
215420	
15	41
7	40
12	35
6	20
9	30
7	8
17	40
9	40
4	43
5	28
10	46
19	48
11	40
2	40
12	40
11	48
19	48
9	40
7	46
19	40
13	47
15	48
17	40
14	48
15	48
20	40
11	40
18	42
14	40
3	40
16	44
6	40
4	41
10	40
20	40
2	36
15	40
16	32
14	40
1	30
0	48
0	48
