50	2	48	
25	25
21884	4659	582	
19848	5618	834	
26230	2051	628	
20900	5292	662	
33877	4479	688	
36591	3494	848	
19845	4746	737	
22639	3519	629	
14645	3483	508	
8992	1607	855	
27006	5645	526	
33598	3640	628	
32516	2969	881	
7880	1595	793	
19878	5295	678	
39159	3328	882	
20683	1208	743	
29074	2176	656	
26394	3427	528	
9396	3966	588	
12439	1323	753	
14782	1857	874	
10392	3356	670	
19480	4287	739	
8410	4250	752	
26587	4239	501	
26022	5101	615	
15121	5324	734	
39061	3940	608	
29103	1089	690	
33221	3844	646	
11693	5600	676	
13881	4684	642	
8750	2015	584	
34262	1664	789	
30081	1745	654	
32052	2750	555	
18088	2933	900	
8342	2854	638	
24567	3668	851	
16721	5604	756	
14148	5033	617	
9577	4349	725	
28097	5197	574	
25185	1880	547	
39149	3105	776	
7741	5124	725	
21106	5237	533	
31505	5705	511	
28804	1646	821	
1	2	
1	1	
1	2	
2	2	
1	2	
1	1	
1	2	
1	2	
1	2	
2	3	
1	1	
1	1	
1	1	
1	2	
1	2	
1	1	
1	1	
1	1	
2	2	
2	3	
2	2	
2	3	
2	3	
1	2	
1	2	
1	2	
1	1	
2	2	
1	2	
1	2	
1	2	
1	2	
2	3	
2	3	
1	2	
1	1	
1	1	
1	2	
1	2	
1	2	
1	2	
2	3	
1	1	
1	2	
1	2	
1	2	
1	2	
1	2	
2	3	
1	2	
1004	1010	1016	1023	1028	1034	1039	1043	1047	1050	1052	1053	1053	1053	1052	1050	1047	1043	1039	1034	1029	1023	1017	1010	1004	998	992	985	980	974	969	965	961	958	956	955	955	955	956	958	961	965	969	974	979	985	991	998	
687	693	699	706	711	717	722	726	730	733	735	736	736	736	735	733	730	726	722	717	712	706	700	693	687	681	675	668	663	657	652	648	644	641	639	638	638	638	639	641	644	648	652	657	662	668	674	681	
96534	
55156	
8	27
19	33
3	30
9	45
9	40
16	40
7	38
17	24
20	48
7	42
16	45
8	40
9	40
2	11
3	6
4	40
7	33
17	40
6	26
19	33
16	34
3	48
2	11
6	26
4	19
12	41
10	48
4	30
5	40
14	40
2	40
10	44
9	17
5	33
16	40
16	40
4	40
13	34
8	46
17	41
8	19
19	48
1	14
11	40
2	22
3	40
6	8
5	17
17	40
18	40
0	48
0	48
