60	2	48	
30	30
38663	3441	552	
35129	2824	986	
13440	1600	803	
23203	2219	534	
8923	3142	801	
10765	5320	832	
31311	2326	963	
12581	5124	593	
28111	3084	888	
9674	1341	842	
11300	3795	834	
21851	4164	877	
20315	3995	866	
34906	1382	709	
34285	4248	973	
24376	1819	883	
12530	2690	956	
18718	5105	713	
37864	4986	596	
34532	4595	686	
17582	1692	582	
16313	1642	957	
18851	1831	654	
7353	2069	571	
30729	2186	664	
36328	4237	789	
11988	4475	858	
17844	5129	910	
8087	2570	666	
38029	2086	572	
25925	3940	614	
36772	5535	844	
30493	4392	813	
36016	2936	716	
39212	3738	793	
15131	3084	557	
14101	3709	540	
25544	1282	630	
26693	3429	756	
26257	1939	767	
22380	2253	763	
31229	3534	878	
28515	2377	670	
19958	1037	585	
13573	3464	771	
34542	1769	864	
33722	5231	713	
33510	4748	622	
29487	3417	704	
33545	1764	866	
35768	1989	969	
17457	3266	577	
24176	4037	856	
12231	1632	625	
8580	3721	986	
23913	1844	586	
8622	1852	799	
35841	2942	530	
29271	3909	763	
19711	4167	860	
2	2	
2	2	
2	2	
3	3	
2	2	
2	2	
2	2	
2	2	
1	1	
1	1	
2	2	
2	2	
2	2	
1	1	
3	3	
3	3	
2	2	
2	2	
2	2	
2	2	
2	2	
2	2	
3	3	
2	2	
2	2	
2	2	
2	2	
2	2	
3	3	
2	2	
2	2	
1	1	
1	1	
3	3	
2	2	
2	2	
2	2	
3	3	
3	3	
2	2	
3	3	
3	3	
2	2	
1	1	
3	3	
2	2	
2	2	
2	2	
3	3	
3	3	
2	2	
2	2	
1	1	
2	2	
2	2	
2	2	
3	3	
1	1	
1	1	
2	2	
871	877	883	890	895	901	906	910	914	917	919	920	920	920	919	917	914	910	906	901	896	890	884	877	871	865	859	852	847	841	836	832	828	825	823	822	822	822	823	825	828	832	836	841	846	852	858	865	
1000	1006	1012	1019	1024	1030	1035	1039	1043	1046	1048	1049	1049	1049	1048	1046	1043	1039	1035	1030	1025	1019	1013	1006	1000	994	988	981	976	970	965	961	957	954	952	951	951	951	952	954	957	961	965	970	975	981	987	994	
27454	
71610	
20	40
2	40
8	23
7	45
6	26
9	28
5	40
1	14
5	40
12	48
4	32
10	48
18	48
11	40
11	40
8	36
6	36
16	30
18	40
11	40
20	23
7	48
2	39
9	12
9	40
5	40
7	14
15	35
1	22
3	40
15	48
5	40
15	40
9	40
15	40
13	46
9	18
17	21
15	48
12	24
11	48
1	40
3	40
7	17
19	48
11	40
13	40
16	40
3	40
15	40
5	40
5	38
14	26
7	18
9	48
5	12
1	34
6	40
10	40
9	42
0	48
0	48
