40	4	48	
20	20
15081	2716	667	
9038	3724	839	
14563	1939	614	
25989	3328	639	
11995	1143	582	
27577	5844	863	
35135	4870	525	
35225	3854	700	
28926	1091	516	
15090	2752	742	
39308	4817	510	
27181	4059	975	
19875	4017	898	
33375	4306	833	
30133	5325	981	
10536	3562	741	
38259	5558	779	
17763	3873	668	
7498	4850	737	
24062	5897	576	
27180	1631	732	
22413	2755	888	
15168	4510	533	
11250	3868	904	
30806	1820	627	
28814	3247	553	
33228	5283	579	
37982	3007	599	
19241	1496	843	
17731	5870	805	
7523	2827	832	
15184	1223	851	
28333	3086	965	
17784	5094	606	
18642	2243	811	
14101	3264	926	
18571	3788	880	
32399	3266	557	
21974	5188	565	
37431	5782	624	
2	2	2	3	
3	3	3	4	
3	3	3	4	
2	2	2	3	
3	2	3	3	
4	3	4	5	
4	4	4	5	
4	3	4	5	
2	2	2	2	
2	2	2	3	
3	2	3	3	
2	2	2	2	
2	2	2	3	
2	2	2	3	
3	3	3	4	
2	2	2	3	
3	3	3	4	
3	2	3	3	
2	2	2	3	
2	2	2	3	
3	2	3	4	
2	2	2	2	
3	2	3	3	
2	2	2	3	
3	2	3	3	
4	3	4	4	
3	2	3	3	
2	2	2	3	
2	2	2	3	
2	2	2	2	
4	4	4	5	
3	3	3	4	
3	3	3	4	
4	3	4	5	
3	3	3	4	
2	2	2	2	
2	2	2	3	
3	2	3	3	
3	2	3	3	
2	2	2	3	
1030	1036	1042	1049	1054	1060	1065	1069	1073	1076	1078	1079	1079	1079	1078	1076	1073	1069	1065	1060	1055	1049	1043	1036	1030	1024	1018	1011	1006	1000	995	991	987	984	982	981	981	981	982	984	987	991	995	1000	1005	1011	1017	1024	
1114	1120	1126	1133	1138	1144	1149	1153	1157	1160	1162	1163	1163	1163	1162	1160	1157	1153	1149	1144	1139	1133	1127	1120	1114	1108	1102	1095	1090	1084	1079	1075	1071	1068	1066	1065	1065	1065	1066	1068	1071	1075	1079	1084	1089	1095	1101	1108	
945	951	957	964	969	975	980	984	988	991	993	994	994	994	993	991	988	984	980	975	970	964	958	951	945	939	933	926	921	915	910	906	902	899	897	896	896	896	897	899	902	906	910	915	920	926	932	939	
985	991	997	1004	1009	1015	1020	1024	1028	1031	1033	1034	1034	1034	1033	1031	1028	1024	1020	1015	1010	1004	998	991	985	979	973	966	961	955	950	946	942	939	937	936	936	936	937	939	942	946	950	955	960	966	972	979	
86973	
233703	
195762	
140631	
20	31
15	48
11	41
6	18
7	47
20	40
14	40
3	40
2	40
14	35
2	40
20	48
13	20
12	40
3	40
1	20
10	40
12	34
2	8
3	28
13	23
7	29
2	16
17	21
17	40
3	40
7	40
17	40
2	12
10	48
15	31
10	23
1	40
1	12
13	28
18	33
3	17
14	40
1	4
14	40
0	48
0	48
0	48
0	48
