60	4	48	
30	30
15672	2936	667	
24630	3747	744	
13027	1029	686	
17338	5479	729	
37419	5857	587	
8093	2124	821	
24332	4589	529	
25857	4071	877	
27695	4673	882	
32693	5562	937	
25502	5420	500	
28405	4007	628	
38932	1936	716	
10533	5890	889	
11672	3765	632	
39612	1570	645	
32752	3905	793	
29581	5062	690	
20374	4091	579	
16530	1727	951	
33969	4591	605	
36168	2069	818	
39526	1744	960	
38843	5100	842	
11349	5472	704	
15058	4422	585	
18909	4729	701	
34127	4787	796	
13788	4133	897	
26373	1871	931	
21793	4705	919	
27492	1108	828	
7522	5215	977	
36621	3632	658	
25558	3954	988	
19184	2217	839	
35721	1040	804	
13241	2600	611	
8594	2452	932	
10975	4933	924	
33151	2566	823	
33175	2371	867	
31925	1136	948	
37742	4079	515	
22183	5554	926	
10208	1106	834	
34723	5601	940	
18175	3030	532	
19816	1718	933	
17761	1521	564	
13140	3149	750	
13480	3985	924	
10528	1230	874	
24566	2854	740	
14649	3902	892	
13338	4375	664	
7912	1444	696	
20479	3898	586	
26968	3266	522	
28914	3115	817	
3	1	3	1	
4	1	4	1	
3	1	3	1	
4	2	4	1	
5	2	5	2	
2	1	2	1	
3	1	3	1	
2	1	2	1	
3	1	3	1	
3	1	3	1	
3	1	3	1	
3	1	3	1	
4	1	4	1	
3	1	3	1	
4	2	4	1	
4	2	4	1	
4	2	4	1	
5	2	5	1	
4	1	4	1	
3	1	3	1	
3	1	3	1	
4	2	4	1	
3	1	3	1	
3	1	3	1	
4	1	4	1	
3	1	3	1	
3	1	3	1	
3	1	3	1	
4	1	3	1	
4	2	4	1	
5	2	5	2	
3	1	3	1	
3	1	3	1	
4	2	4	1	
3	1	3	1	
3	1	3	1	
4	2	4	1	
4	2	4	1	
3	1	2	1	
3	1	3	1	
5	2	5	1	
3	1	3	1	
4	2	4	1	
3	1	3	1	
3	1	3	1	
5	2	5	2	
3	1	3	1	
4	1	4	1	
3	1	3	1	
4	1	4	1	
4	2	4	1	
3	1	3	1	
5	2	5	2	
3	1	3	1	
5	2	5	1	
3	1	3	1	
3	1	3	1	
4	1	3	1	
3	1	3	1	
3	1	3	1	
1037	1043	1049	1056	1061	1067	1072	1076	1080	1083	1085	1086	1086	1086	1085	1083	1080	1076	1072	1067	1062	1056	1050	1043	1037	1031	1025	1018	1013	1007	1002	998	994	991	989	988	988	988	989	991	994	998	1002	1007	1012	1018	1024	1031	
1015	1021	1027	1034	1039	1045	1050	1054	1058	1061	1063	1064	1064	1064	1063	1061	1058	1054	1050	1045	1040	1034	1028	1021	1015	1009	1003	996	991	985	980	976	972	969	967	966	966	966	967	969	972	976	980	985	990	996	1002	1009	
672	678	684	691	696	702	707	711	715	718	720	721	721	721	720	718	715	711	707	702	697	691	685	678	672	666	660	653	648	642	637	633	629	626	624	623	623	623	624	626	629	633	637	642	647	653	659	666	
750	756	762	769	774	780	785	789	793	796	798	799	799	799	798	796	793	789	785	780	775	769	763	756	750	744	738	731	726	720	715	711	707	704	702	701	701	701	702	704	707	711	715	720	725	731	737	744	
165464	
45732	
26970	
89273	
20	48
7	24
14	48
20	48
10	40
16	38
17	42
1	30
17	40
11	40
2	19
20	40
15	40
3	16
2	48
11	40
10	40
14	40
20	39
14	35
15	40
9	40
12	40
1	40
14	48
12	24
11	25
8	40
4	44
9	27
17	33
19	34
4	26
20	40
13	34
18	25
7	40
1	47
12	31
6	48
11	40
11	40
20	40
19	40
14	48
11	48
18	40
18	24
16	48
19	48
1	48
19	48
5	34
1	25
10	48
13	23
8	24
16	48
8	16
7	40
0	48
0	48
0	48
0	48
