30	4	48	
15	15
23387	4566	627	
12855	2470	1000	
18806	1475	724	
31408	2802	906	
26732	2621	966	
36055	3971	639	
8453	1631	662	
9712	3238	613	
22218	4130	764	
9946	1609	736	
28488	5547	611	
18781	5595	771	
32342	4302	856	
28936	2975	598	
31573	1728	1000	
36714	3256	752	
37280	5406	971	
21878	2750	821	
7848	2823	620	
28710	2559	640	
31494	5816	996	
27711	3039	793	
25619	3153	882	
36979	2187	551	
24631	1685	841	
7660	4466	870	
11328	1072	764	
15535	3608	985	
36793	4187	702	
22035	2365	585	
1	1	3	2	
1	1	3	2	
1	1	3	2	
1	1	3	2	
1	2	4	3	
1	2	4	3	
1	2	4	3	
1	1	3	2	
1	1	3	2	
1	1	3	2	
1	2	4	3	
1	1	3	2	
1	1	3	2	
1	1	3	2	
1	2	4	3	
1	1	4	3	
1	2	4	3	
1	1	3	2	
1	1	4	3	
1	2	4	3	
2	2	5	4	
1	1	4	3	
1	1	3	2	
1	1	3	2	
1	1	3	2	
2	2	5	4	
1	1	3	2	
2	2	5	4	
1	1	3	2	
1	2	4	3	
1046	1052	1058	1065	1070	1076	1081	1085	1089	1092	1094	1095	1095	1095	1094	1092	1089	1085	1081	1076	1071	1065	1059	1052	1046	1040	1034	1027	1022	1016	1011	1007	1003	1000	998	997	997	997	998	1000	1003	1007	1011	1016	1021	1027	1033	1040	
691	697	703	710	715	721	726	730	734	737	739	740	740	740	739	737	734	730	726	721	716	710	704	697	691	685	679	672	667	661	656	652	648	645	643	642	642	642	643	645	648	652	656	661	666	672	678	685	
797	803	809	816	821	827	832	836	840	843	845	846	846	846	845	843	840	836	832	827	822	816	810	803	797	791	785	778	773	767	762	758	754	751	749	748	748	748	749	751	754	758	762	767	772	778	784	791	
1102	1108	1114	1121	1126	1132	1137	1141	1145	1148	1150	1151	1151	1151	1150	1148	1145	1141	1137	1132	1127	1121	1115	1108	1102	1096	1090	1083	1078	1072	1067	1063	1059	1056	1054	1053	1053	1053	1054	1056	1059	1063	1067	1072	1077	1083	1089	1096	
167825	
161976	
200997	
87877	
20	48
15	45
11	26
5	40
2	6
20	40
2	19
2	10
14	22
11	23
11	40
19	48
15	40
5	40
4	40
12	40
15	40
18	43
20	25
5	40
16	40
16	40
20	29
1	40
14	37
4	48
2	46
16	22
19	40
19	22
0	48
0	48
0	48
0	48
