40	2	48	
20	20
39609	1363	684	
15003	1231	781	
8704	5427	531	
23698	5086	906	
14248	2124	548	
20203	5109	819	
29355	4191	933	
17224	3029	952	
14378	1962	551	
12051	4294	605	
25086	4901	911	
32465	5354	944	
38712	2683	582	
34318	2947	547	
39656	2008	754	
21959	3639	985	
21402	3925	653	
9318	2002	744	
32318	1274	804	
17985	5273	533	
22522	5794	636	
15580	3443	829	
7695	1451	522	
14126	1040	913	
13519	2190	961	
35077	1148	964	
24259	2990	912	
13082	2266	717	
25938	3667	616	
19454	5835	884	
20979	3455	525	
18490	4349	896	
26414	2768	532	
17370	3815	915	
19473	3860	733	
16913	2097	620	
31553	1972	705	
30871	4370	617	
19061	4263	747	
11070	3619	830	
2	2	
2	2	
3	3	
2	3	
2	2	
3	4	
3	4	
2	3	
3	4	
2	2	
2	3	
2	3	
3	4	
2	3	
2	2	
2	3	
3	4	
3	5	
3	4	
2	3	
2	2	
2	3	
2	3	
2	2	
3	4	
2	3	
2	2	
3	4	
3	3	
3	4	
3	4	
2	3	
2	2	
4	5	
2	2	
2	3	
3	4	
2	2	
3	4	
2	3	
964	970	976	983	988	994	999	1003	1007	1010	1012	1013	1013	1013	1012	1010	1007	1003	999	994	989	983	977	970	964	958	952	945	940	934	929	925	921	918	916	915	915	915	916	918	921	925	929	934	939	945	951	958	
856	862	868	875	880	886	891	895	899	902	904	905	905	905	904	902	899	895	891	886	881	875	869	862	856	850	844	837	832	826	821	817	813	810	808	807	807	807	808	810	813	817	821	826	831	837	843	850	
193981	
20989	
6	40
16	25
4	45
20	27
9	21
5	39
20	40
16	43
10	20
3	34
16	35
20	40
10	40
8	40
9	40
6	29
20	48
16	48
16	40
15	48
17	43
17	48
10	24
7	47
7	45
17	40
4	42
11	15
15	39
17	48
8	48
12	45
8	17
4	35
2	16
14	37
13	40
8	40
4	43
20	48
0	48
0	48
