30	2	48	
15	15
14533	3942	741	
36252	1290	794	
34236	2359	593	
30822	3904	857	
8105	2488	547	
17160	2894	577	
35151	2992	947	
39727	5014	892	
26166	3613	810	
26413	5165	902	
34452	4230	555	
21500	3784	693	
8969	1994	568	
34530	2641	923	
34772	3651	805	
16398	1661	826	
32503	4424	617	
20381	3937	704	
20704	1276	867	
20173	4090	588	
15594	1162	743	
32098	2534	660	
17506	5117	561	
33564	3346	808	
39129	4872	881	
15276	5412	709	
26175	3700	636	
20101	1550	777	
25789	3420	878	
24354	4118	804	
2	1	
4	3	
3	2	
4	2	
3	2	
2	1	
4	2	
3	2	
2	1	
3	2	
3	2	
3	2	
3	2	
3	2	
3	2	
2	1	
4	3	
4	2	
3	2	
5	3	
3	2	
3	2	
4	2	
3	2	
4	3	
2	1	
2	1	
3	2	
3	2	
2	1	
890	896	902	909	914	920	925	929	933	936	938	939	939	939	938	936	933	929	925	920	915	909	903	896	890	884	878	871	866	860	855	851	847	844	842	841	841	841	842	844	847	851	855	860	865	871	877	884	
1116	1122	1128	1135	1140	1146	1151	1155	1159	1162	1164	1165	1165	1165	1164	1162	1159	1155	1151	1146	1141	1135	1129	1122	1116	1110	1104	1097	1092	1086	1081	1077	1073	1070	1068	1067	1067	1067	1068	1070	1073	1077	1081	1086	1091	1097	1103	1110	
241800	
89326	
5	46
10	40
20	40
14	40
4	31
17	48
17	40
7	40
13	48
13	44
14	40
4	15
10	28
19	40
3	40
11	41
6	40
18	46
13	48
12	48
14	26
5	40
15	48
4	40
5	40
10	25
9	40
15	20
20	47
14	48
0	48
0	48
