50	2	48	
25	25
17272	3271	856	
13263	3043	860	
13186	1016	835	
18711	1268	506	
15231	5186	617	
38683	4162	732	
9975	3877	735	
16822	3809	790	
9240	1280	520	
14675	3518	878	
25777	1055	743	
23363	1503	898	
12160	4000	635	
14271	3339	819	
32070	3656	776	
9561	5893	573	
23830	4471	664	
38827	5041	823	
15401	1200	892	
7829	3380	612	
20976	3303	717	
28321	5682	862	
14212	3504	858	
15923	5399	732	
27673	2493	863	
32810	1635	552	
10667	5427	839	
27855	5680	888	
11895	4864	792	
27978	4986	865	
37552	2414	687	
30403	5039	622	
17612	5097	802	
7994	5009	573	
39709	5596	513	
11229	3802	784	
12861	4790	818	
33094	2731	576	
19636	2944	605	
31274	5187	702	
27733	2913	704	
39622	5336	715	
19474	2346	682	
24763	2190	535	
37807	1530	900	
13286	2437	746	
31908	1963	513	
29000	3391	551	
17905	1217	852	
8695	2412	678	
4	1	
2	1	
4	1	
4	1	
3	1	
3	1	
5	2	
3	1	
3	1	
4	1	
3	1	
2	1	
3	1	
2	1	
5	2	
3	1	
3	1	
3	1	
4	1	
4	1	
4	1	
3	1	
2	1	
3	1	
4	1	
5	2	
3	1	
4	1	
2	1	
3	1	
3	1	
4	1	
3	1	
4	1	
4	1	
3	1	
3	1	
2	1	
3	1	
3	1	
4	1	
5	2	
3	1	
2	1	
5	2	
3	1	
3	1	
3	1	
3	1	
3	1	
962	968	974	981	986	992	997	1001	1005	1008	1010	1011	1011	1011	1010	1008	1005	1001	997	992	987	981	975	968	962	956	950	943	938	932	927	923	919	916	914	913	913	913	914	916	919	923	927	932	937	943	949	956	
795	801	807	814	819	825	830	834	838	841	843	844	844	844	843	841	838	834	830	825	820	814	808	801	795	789	783	776	771	765	760	756	752	749	747	746	746	746	747	749	752	756	760	765	770	776	782	789	
230631	
228287	
5	34
2	5
1	48
16	48
8	41
17	40
20	48
6	48
1	12
1	5
16	48
15	26
6	30
11	34
14	40
12	37
16	32
17	40
14	22
2	24
6	13
15	40
15	36
1	27
9	40
3	40
5	28
9	40
10	28
3	40
16	40
8	40
1	40
13	38
5	40
16	42
20	48
2	40
5	32
8	40
4	40
10	40
18	48
14	48
4	40
12	48
20	40
20	40
4	14
11	46
0	48
0	48
