30	2	48	
15	15
21435	3039	593	
26483	2350	592	
11615	4334	677	
28766	5052	761	
21741	2708	969	
31796	4174	712	
37185	1516	503	
10806	4012	961	
16283	3222	660	
19314	1236	620	
9790	5273	552	
23143	2610	686	
22405	2113	733	
13372	3104	844	
10430	1305	799	
36063	4500	969	
11304	1659	777	
29489	5750	635	
26154	4143	564	
28635	4733	690	
24280	1593	914	
33525	5857	971	
17042	4875	565	
22141	2988	855	
17973	5124	774	
26569	5501	704	
36853	4921	898	
9415	3750	548	
35404	4940	999	
17135	4731	797	
3	3	
4	4	
4	3	
4	3	
5	4	
3	2	
4	3	
2	2	
4	3	
3	2	
3	2	
4	3	
4	3	
4	3	
3	3	
4	4	
3	2	
3	2	
3	3	
3	3	
3	2	
4	3	
4	4	
3	3	
2	2	
4	4	
3	3	
3	3	
3	3	
3	3	
1141	1147	1153	1160	1165	1171	1176	1180	1184	1187	1189	1190	1190	1190	1189	1187	1184	1180	1176	1171	1166	1160	1154	1147	1141	1135	1129	1122	1117	1111	1106	1102	1098	1095	1093	1092	1092	1092	1093	1095	1098	1102	1106	1111	1116	1122	1128	1135	
855	861	867	874	879	885	890	894	898	901	903	904	904	904	903	901	898	894	890	885	880	874	868	861	855	849	843	836	831	825	820	816	812	809	807	806	806	806	807	809	812	816	820	825	830	836	842	849	
37064	
79502	
11	19
19	43
7	31
11	40
15	32
11	40
3	40
20	48
8	33
1	37
1	12
11	36
11	48
1	23
7	45
20	40
19	37
11	40
20	48
13	40
17	40
4	40
5	28
14	23
3	7
16	30
17	40
20	27
10	40
7	30
0	48
0	48
