40	2	48	
20	20
22155	5861	859	
36864	5279	801	
20223	5210	968	
24619	3662	944	
14455	2857	814	
20130	1103	985	
9285	3941	708	
27030	3234	747	
32571	1091	666	
30628	1313	673	
30139	2090	793	
30377	1581	948	
30158	4862	559	
37061	4241	541	
17294	3579	862	
8835	3227	765	
23429	1193	689	
22098	5310	880	
26750	3684	640	
32791	1878	650	
17457	3863	686	
22669	5558	801	
21254	4587	529	
26212	5867	879	
12779	2649	853	
33303	4236	567	
16840	3695	936	
37055	5206	556	
11958	1670	833	
15061	2316	814	
22610	5404	917	
19600	1665	913	
20542	1193	964	
22755	3440	701	
33126	2187	609	
22586	1524	849	
29071	1258	875	
28615	3639	957	
19223	3515	731	
28696	5332	663	
5	4	
5	3	
2	2	
5	3	
2	2	
4	3	
4	3	
4	3	
2	2	
2	2	
3	2	
2	2	
2	2	
3	2	
4	3	
3	2	
3	2	
3	2	
4	3	
5	4	
3	2	
4	3	
4	3	
3	2	
3	2	
3	2	
2	2	
4	3	
3	2	
4	3	
3	2	
2	2	
3	2	
3	2	
2	2	
2	2	
2	2	
4	3	
3	2	
3	2	
982	988	994	1001	1006	1012	1017	1021	1025	1028	1030	1031	1031	1031	1030	1028	1025	1021	1017	1012	1007	1001	995	988	982	976	970	963	958	952	947	943	939	936	934	933	933	933	934	936	939	943	947	952	957	963	969	976	
1055	1061	1067	1074	1079	1085	1090	1094	1098	1101	1103	1104	1104	1104	1103	1101	1098	1094	1090	1085	1080	1074	1068	1061	1055	1049	1043	1036	1031	1025	1020	1016	1012	1009	1007	1006	1006	1006	1007	1009	1012	1016	1020	1025	1030	1036	1042	1049	
109765	
145956	
16	37
12	40
7	17
7	48
10	30
15	39
11	48
5	48
19	40
8	40
14	40
19	40
13	40
13	40
12	48
7	43
16	45
4	28
3	35
13	40
2	27
11	45
18	27
3	10
9	15
16	40
5	29
16	40
19	40
4	8
7	16
11	13
17	48
17	48
1	40
9	21
19	40
11	40
11	48
18	40
0	48
0	48
