50	4	48	
25	25
28970	3509	520	
23558	5672	652	
14994	4335	545	
29024	4285	640	
38105	5237	506	
7719	5607	715	
17560	5031	582	
19939	5120	829	
35204	4043	585	
18563	1553	616	
12835	2274	545	
35359	2286	678	
34314	3048	622	
13237	2942	874	
11875	4114	799	
13414	5619	703	
34230	1868	575	
33812	4442	725	
32069	3913	600	
30860	4853	889	
28550	1600	810	
28392	4388	746	
36607	4586	773	
25687	2714	565	
26605	1981	632	
35082	2570	807	
26241	3962	768	
31859	2187	748	
35798	2218	780	
14517	2214	768	
36886	2141	804	
27025	4136	513	
10590	3782	808	
25016	5506	624	
36126	2273	775	
9794	1908	700	
10375	5754	801	
36328	2263	707	
19385	2314	571	
39626	1855	841	
22361	5363	749	
10931	2510	724	
37794	4417	538	
12104	3091	639	
28196	4634	878	
27344	5822	822	
8127	2534	805	
35683	3745	785	
15333	2961	801	
11761	1866	872	
3	2	2	3	
2	1	2	2	
3	2	2	3	
2	1	1	2	
2	1	2	2	
2	1	2	2	
3	2	2	2	
2	1	1	2	
2	1	1	2	
2	1	1	2	
2	1	1	2	
2	1	1	2	
2	1	2	2	
2	1	2	2	
3	2	2	3	
2	1	2	2	
4	2	3	4	
2	1	2	2	
2	1	1	2	
2	1	2	2	
2	1	2	2	
2	1	1	2	
4	2	3	4	
3	2	2	3	
2	1	1	2	
2	1	1	2	
4	2	3	4	
3	2	2	3	
2	1	1	2	
2	1	1	2	
2	1	2	2	
4	2	3	3	
2	1	2	2	
3	2	3	3	
2	1	2	2	
2	1	1	2	
2	1	1	2	
3	2	2	3	
2	1	1	2	
2	1	1	2	
4	2	3	4	
2	1	1	2	
2	1	2	2	
3	2	2	3	
3	2	2	3	
3	2	3	3	
3	2	2	3	
2	1	2	2	
2	1	2	2	
3	2	2	3	
998	1004	1010	1017	1022	1028	1033	1037	1041	1044	1046	1047	1047	1047	1046	1044	1041	1037	1033	1028	1023	1017	1011	1004	998	992	986	979	974	968	963	959	955	952	950	949	949	949	950	952	955	959	963	968	973	979	985	992	
825	831	837	844	849	855	860	864	868	871	873	874	874	874	873	871	868	864	860	855	850	844	838	831	825	819	813	806	801	795	790	786	782	779	777	776	776	776	777	779	782	786	790	795	800	806	812	819	
892	898	904	911	916	922	927	931	935	938	940	941	941	941	940	938	935	931	927	922	917	911	905	898	892	886	880	873	868	862	857	853	849	846	844	843	843	843	844	846	849	853	857	862	867	873	879	886	
680	686	692	699	704	710	715	719	723	726	728	729	729	729	728	726	723	719	715	710	705	699	693	686	680	674	668	661	656	650	645	641	637	634	632	631	631	631	632	634	637	641	645	650	655	661	667	674	
121130	
146237	
117539	
63271	
6	40
6	23
4	17
2	40
7	40
9	41
12	26
1	40
9	40
15	47
7	48
19	40
20	40
5	7
13	48
4	22
14	40
10	40
16	40
1	40
5	40
7	40
6	40
17	48
9	42
8	40
7	32
5	40
3	40
1	23
1	40
4	13
17	48
12	40
1	40
4	38
7	27
8	40
6	11
8	40
16	28
6	48
2	40
1	39
17	40
10	44
13	21
16	40
19	44
19	30
0	48
0	48
0	48
0	48
