30	2	48	
15	15
19781	5198	883	
34415	3142	806	
28286	5016	540	
29709	3988	982	
23906	5039	502	
8288	5255	850	
24441	1966	840	
39015	2096	580	
10414	1854	725	
35237	4192	600	
9665	3698	977	
18179	1329	568	
16833	5367	717	
36491	5335	612	
17400	1280	524	
16001	1990	641	
37066	4345	770	
21796	3286	993	
19699	2554	755	
31939	5291	994	
25276	4572	762	
25049	1469	573	
31316	1195	913	
31185	2276	649	
36241	1403	733	
18903	4962	530	
10106	2809	876	
30547	1109	568	
39313	1609	937	
17039	1604	722	
2	2	
3	2	
2	2	
3	3	
3	2	
2	2	
3	3	
2	2	
2	2	
4	3	
2	2	
4	3	
2	2	
3	3	
2	2	
3	2	
3	2	
3	2	
3	3	
2	2	
2	2	
2	2	
2	2	
3	3	
3	3	
2	2	
3	3	
3	2	
3	3	
4	3	
1093	1099	1105	1112	1117	1123	1128	1132	1136	1139	1141	1142	1142	1142	1141	1139	1136	1132	1128	1123	1118	1112	1106	1099	1093	1087	1081	1074	1069	1063	1058	1054	1050	1047	1045	1044	1044	1044	1045	1047	1050	1054	1058	1063	1068	1074	1080	1087	
1065	1071	1077	1084	1089	1095	1100	1104	1108	1111	1113	1114	1114	1114	1113	1111	1108	1104	1100	1095	1090	1084	1078	1071	1065	1059	1053	1046	1041	1035	1030	1026	1022	1019	1017	1016	1016	1016	1017	1019	1022	1026	1030	1035	1040	1046	1052	1059	
141889	
196422	
5	41
2	40
2	40
20	40
5	44
7	48
10	28
20	40
18	33
4	40
4	12
15	36
11	42
4	40
19	27
19	44
14	40
16	48
5	19
18	40
14	18
7	9
17	40
1	40
15	40
18	48
8	24
2	40
10	40
6	48
0	48
0	48
