60	2	48	
30	30
14888	1771	981	
13813	1478	833	
32802	4641	960	
26202	2425	928	
21055	1585	634	
31554	4065	837	
18910	3951	992	
27442	2001	622	
20344	3356	804	
10068	3432	523	
22520	2281	682	
23465	1809	575	
13074	3453	817	
21910	2468	733	
34824	1844	706	
34432	1130	947	
14882	3635	752	
15585	1057	920	
26700	1581	505	
36772	2982	796	
13478	2557	655	
14091	4307	848	
16660	1127	597	
12113	3158	757	
37923	5900	877	
17334	3311	548	
9217	1248	757	
33820	2535	625	
24939	5897	816	
23161	3108	790	
9252	4545	821	
24914	1119	992	
8134	2813	624	
34373	1426	857	
12632	2530	932	
13884	2107	753	
37855	4612	506	
26274	1542	919	
35208	4959	744	
28013	2137	715	
37966	2468	623	
24677	1822	681	
24513	1041	787	
27872	4837	535	
13055	2493	775	
36370	1869	803	
8500	1536	947	
39043	4349	985	
16411	3987	993	
16130	3769	835	
21345	5739	852	
18025	1307	899	
39883	3524	954	
10884	1883	583	
9048	4984	745	
18181	4622	743	
15762	5691	670	
27416	1954	896	
37704	4236	877	
22222	5818	964	
2	3	
2	3	
1	2	
1	2	
2	2	
1	2	
1	2	
1	2	
2	3	
1	2	
1	2	
1	2	
2	3	
1	2	
1	2	
2	3	
2	3	
1	2	
1	2	
1	2	
1	2	
1	2	
2	3	
1	2	
2	2	
1	2	
1	2	
1	2	
1	2	
1	2	
2	4	
1	2	
2	3	
1	2	
1	2	
1	2	
1	2	
1	2	
2	3	
1	2	
1	2	
1	2	
1	2	
2	2	
2	4	
1	2	
1	2	
1	2	
2	3	
1	2	
1	2	
2	3	
1	2	
1	2	
1	2	
1	2	
1	2	
1	2	
1	2	
1	2	
1138	1144	1150	1157	1162	1168	1173	1177	1181	1184	1186	1187	1187	1187	1186	1184	1181	1177	1173	1168	1163	1157	1151	1144	1138	1132	1126	1119	1114	1108	1103	1099	1095	1092	1090	1089	1089	1089	1090	1092	1095	1099	1103	1108	1113	1119	1125	1132	
899	905	911	918	923	929	934	938	942	945	947	948	948	948	947	945	942	938	934	929	924	918	912	905	899	893	887	880	875	869	864	860	856	853	851	850	850	850	851	853	856	860	864	869	874	880	886	893	
187011	
237055	
13	35
20	48
2	40
17	34
8	21
13	40
1	39
6	29
10	30
16	19
5	18
18	48
18	40
7	41
3	40
4	40
4	46
15	25
3	10
15	40
5	32
3	18
7	29
16	48
15	40
4	29
3	43
12	40
6	48
20	48
20	48
1	22
8	13
15	40
17	48
2	36
18	40
12	40
6	40
16	40
6	40
9	23
20	25
12	40
18	33
3	40
7	48
18	40
4	24
11	29
9	48
1	46
1	40
8	27
8	17
19	48
6	41
3	29
9	40
10	48
0	48
0	48
