50	4	48	
25	25
23970	3980	809	
38838	4749	692	
39721	3660	521	
37576	4129	735	
18699	5417	696	
30374	1763	544	
14181	5774	621	
34314	3682	507	
14146	5179	656	
12998	1676	685	
28938	1368	541	
27713	3852	547	
27835	5084	813	
30798	5555	803	
26045	3358	829	
38568	4894	648	
13846	3447	601	
8841	1796	842	
15621	4148	771	
31134	3635	700	
10950	1354	535	
28902	3344	671	
12090	1535	838	
10710	4622	865	
23656	5790	531	
26928	4088	856	
12612	1919	895	
15566	1236	723	
31853	1001	510	
33073	3019	527	
19945	4343	722	
34275	2436	722	
7382	5298	543	
28659	3057	623	
7444	4049	793	
25094	3005	780	
34509	1465	717	
25895	4341	855	
13266	4134	543	
12512	3888	856	
22312	4019	743	
27024	3818	695	
28931	1195	644	
13214	5024	741	
24706	2391	866	
31084	1775	865	
33789	3765	584	
16028	2214	712	
17445	4948	610	
13759	1592	576	
1	2	2	1	
1	2	1	1	
1	2	1	1	
1	2	1	1	
1	3	2	1	
2	4	2	1	
1	2	1	1	
1	2	1	1	
1	3	2	1	
1	2	2	1	
2	4	3	1	
1	2	1	1	
2	3	2	1	
1	3	2	1	
2	4	3	1	
2	4	3	1	
1	2	2	1	
2	4	3	1	
2	4	3	1	
1	2	2	1	
1	2	1	1	
1	3	2	1	
2	4	3	1	
1	2	2	1	
2	3	2	1	
2	4	3	1	
2	4	3	1	
2	4	3	1	
1	3	2	1	
1	2	1	1	
2	4	3	1	
1	2	2	1	
2	4	2	1	
1	3	2	1	
2	4	3	1	
1	2	1	1	
1	2	1	1	
1	3	2	1	
1	2	1	1	
2	3	2	1	
1	2	2	1	
1	2	1	1	
1	2	1	1	
1	3	2	1	
1	2	2	1	
1	2	1	1	
1	3	2	1	
1	3	2	1	
1	2	2	1	
1	3	2	1	
1011	1017	1023	1030	1035	1041	1046	1050	1054	1057	1059	1060	1060	1060	1059	1057	1054	1050	1046	1041	1036	1030	1024	1017	1011	1005	999	992	987	981	976	972	968	965	963	962	962	962	963	965	968	972	976	981	986	992	998	1005	
679	685	691	698	703	709	714	718	722	725	727	728	728	728	727	725	722	718	714	709	704	698	692	685	679	673	667	660	655	649	644	640	636	633	631	630	630	630	631	633	636	640	644	649	654	660	666	673	
655	661	667	674	679	685	690	694	698	701	703	704	704	704	703	701	698	694	690	685	680	674	668	661	655	649	643	636	631	625	620	616	612	609	607	606	606	606	607	609	612	616	620	625	630	636	642	649	
709	715	721	728	733	739	744	748	752	755	757	758	758	758	757	755	752	748	744	739	734	728	722	715	709	703	697	690	685	679	674	670	666	663	661	660	660	660	661	663	666	670	674	679	684	690	696	703	
118161	
28218	
139689	
181644	
5	20
11	40
15	40
13	40
7	43
4	40
12	36
16	40
13	48
11	32
12	40
4	40
1	40
17	40
16	42
12	40
3	39
8	26
19	34
16	40
20	48
4	40
11	35
2	7
3	28
17	33
4	36
6	45
12	40
15	40
1	16
2	40
3	21
1	40
10	48
14	21
4	40
2	18
3	39
10	24
3	48
3	22
10	40
11	23
18	47
15	40
7	40
12	14
6	37
18	48
0	48
0	48
0	48
0	48
