50	2	48	
25	25
39583	1932	696	
39545	2520	507	
28708	3392	674	
25917	3122	642	
13919	5016	534	
34444	5438	772	
30413	2397	691	
35696	2191	821	
21937	3574	889	
19034	3453	792	
23801	3718	563	
27101	5054	871	
8492	4427	623	
17870	1801	703	
31504	1144	773	
33777	1393	898	
18154	1754	615	
26714	4089	682	
23276	3767	647	
24624	5868	697	
16017	4047	870	
15610	2375	517	
33661	2745	517	
39691	1864	878	
16915	1558	795	
7725	5224	753	
35214	3920	627	
36246	3678	666	
28171	3553	886	
31608	4539	514	
36886	1934	767	
15707	2190	703	
11079	5754	563	
22994	2828	763	
35652	4554	500	
19850	5594	840	
36611	4354	766	
25601	4002	729	
11615	5895	552	
14288	4261	631	
18647	3010	683	
38257	1927	606	
38046	2029	889	
20314	1494	809	
13081	5363	547	
30917	1395	673	
38575	1979	825	
37802	5109	573	
14732	2833	657	
30735	5426	790	
2	2	
1	1	
1	1	
1	1	
1	1	
1	1	
1	1	
2	2	
1	1	
1	1	
1	1	
1	1	
2	1	
1	1	
1	1	
1	1	
2	2	
1	1	
1	1	
1	1	
1	1	
1	1	
1	1	
1	1	
2	1	
1	1	
1	1	
1	1	
1	1	
1	1	
1	1	
2	2	
1	1	
2	2	
2	2	
1	1	
2	1	
1	1	
1	1	
1	1	
1	1	
1	1	
1	1	
1	1	
1	1	
1	1	
1	1	
1	1	
1	1	
2	2	
673	679	685	692	697	703	708	712	716	719	721	722	722	722	721	719	716	712	708	703	698	692	686	679	673	667	661	654	649	643	638	634	630	627	625	624	624	624	625	627	630	634	638	643	648	654	660	667	
856	862	868	875	880	886	891	895	899	902	904	905	905	905	904	902	899	895	891	886	881	875	869	862	856	850	844	837	832	826	821	817	813	810	808	807	807	807	808	810	813	817	821	826	831	837	843	850	
96242	
114163	
7	40
1	40
17	40
5	18
5	8
11	40
11	40
17	40
3	42
14	48
8	31
3	11
5	21
10	13
8	40
5	40
5	47
6	30
12	28
8	19
14	37
19	37
19	40
1	40
9	48
8	17
11	40
19	40
5	40
16	40
5	40
8	38
3	31
7	21
10	40
6	48
11	40
3	48
5	16
2	24
18	48
1	40
13	40
17	34
13	24
8	40
18	40
10	40
7	48
2	40
0	48
0	48
